227 9
269 8
270 9
280 44
290 44
416 43
442 131
443 218
444 218
445 218
446 218
447 217
448 218
449 218
450 218
451 218
452 218
453 218
454 218
455 218
456 87
1222 43
1232 44
1257 87
1258 174
1259 915
1263 218
1264 175
1265 1058
1269 93
1271 5728
1279 415
1283 76
1284 262
1285 436
1286 213
1287 85
1288 85
1289 85
1290 84
1291 85
1292 85
1293 85
1294 85
1295 85
1296 85
1297 85
1298 85
1299 85
1300 8
1571 9
1581 8
1592 9
1643 44
1727 44
1813 43
1833 44
1847 43
1868 175
1869 2737
1885 130
1886 218
1887 218
1888 5691
1889 218
1890 435
1891 247
1892 85
1893 85
1894 85
1895 85
1896 85
1897 85
1898 85
1899 85
1900 8
2016 9
2026 8
2036 9
2047 44
2074 131
2075 218
2076 87
2095 5591
2096 436
2405 218
2406 435
2407 247
2408 85
2409 85
2410 85
2411 85
2412 85
2413 85
2414 85
2415 85
2416 85
2417 85
2418 85
2419 84
2420 85
2421 85
2422 85
2423 85
2424 85
2425 85
2426 85
2427 85
2428 85
2429 85
2430 76
2446 93
2457 2208
2458 85
2459 85
2460 85
2461 85
2462 85
2463 85
2464 85
2465 85
2466 85
2467 85
2468 84
2469 85
2470 85
2471 85
2472 85
2473 85
2474 85
2475 85
2476 85
2477 85
2478 85
2479 85
2480 84
2481 85
2482 85
2483 85
2484 85
2485 85
2486 85
2487 85
2488 85
2489 85
2490 85
2491 85
2492 84
2493 85
2494 85
2495 85
2496 85
2497 85
2498 85
2499 85
2500 8
2721 9
2741 8
2752 9
2775 44
2776 174
2777 218
2778 218
2779 218
2780 218
2781 218
2782 218
2783 218
2784 217
2785 218
2786 218
2787 1490
2796 195
2797 2972
2842 436
2843 423
2844 85
2845 85
2846 68
2862 1375
2863 85
2864 85
2865 85
2866 85
2867 85
2868 85
2869 85
2870 85
2871 85
2872 84
2873 85
2874 85
2875 85
2876 85
2877 85
2878 85
2879 85
2880 85
2881 85
2882 85
2883 85
2884 59
3027 1308
3146 8
3167 9
3177 8
3316 44
3342 44
3444 43
3471 87
3472 175
3473 218
3474 217
3475 218
3476 7152
3493 392
3494 436
3495 107
3496 85
3497 85
3498 76
3524 8
3534 9
3570 2463
3571 1163
3573 416
3578 314
3581 131
3582 436
3583 318
3584 84
3585 85
3586 85
3587 85
3588 85
3589 85
3590 85
3591 85
3592 85
3593 85
3594 85
3595 85
3596 84
3597 85
3598 85
3599 85
3600 85
3601 85
3602 85
3603 85
3604 85
3605 85
3606 85
3607 85
3608 84
3609 85
3610 85
3611 85
3612 85
3613 85
3614 85
3615 85
3616 85
3617 85
3618 85
3619 85
3620 85
3621 67
3644 9
3654 1206
3665 2539
3666 85
3667 85
3668 85
3669 85
3670 84
3671 85
3672 85
3673 85
3674 85
3675 85
3676 85
3677 85
3678 85
3679 85
3680 85
3681 85
3682 84
3683 85
3684 85
3685 85
3686 85
3687 85
3688 85
3689 85
3690 85
3691 85
3692 85
3693 85
3694 59
3725 314
3736 145
3746 8
3756 9
3767 339
3792 2135
4106 94
4107 203
4109 1775
4115 145
4116 492
4122 392
4123 436
4124 107
4125 85
4126 43
4145 8
4156 9
4166 526
4198 3847
4199 436
4200 423
4201 85
4202 85
4203 85
4204 85
4205 85
4206 85
4207 85
4208 85
4209 84
4210 85
4211 85
4212 85
4213 85
4214 85
4215 85
4216 85
4217 85
4218 85
4219 85
4220 85
4221 85
4222 84
4223 85
4224 85
4225 85
4226 85
4227 85
4228 85
4229 85
4230 85
4231 85
4232 85
4233 85
4234 84
4235 85
4236 85
4237 85
4238 85
4239 85
4240 85
4241 85
4242 85
4243 8
4271 9
4281 586
4406 3779
4422 393
4423 435
4424 108
4425 85
4426 85
4427 85
4428 85
4429 85
4430 84
4431 85
4432 85
4433 85
4434 85
4435 85
4436 85
4437 85
4438 85
4439 85
4440 85
4441 85
4442 85
4443 84
4444 85
4445 85
4446 85
4447 85
4448 85
4449 85
4450 85
4451 85
4452 85
4453 85
4454 85
4455 84
4456 85
4457 85
4458 85
4459 85
4460 85
4461 85
4462 85
4463 85
4464 85
4465 85
4466 85
4467 84
4468 85
4469 85
4470 85
4471 85
4484 1104
4485 85
4486 85
4487 85
4488 42
4505 77
4538 705
4539 195
4570 8
4581 9
4622 8
4642 5308
4643 44
4663 43
4664 436
4665 388
4666 85
4667 85
4668 85
4669 85
4670 85
4671 85
4672 85
4673 25
4684 43
4806 42
4816 111
4847 594
4848 433
4853 696
4861 357
4865 70
4866 218
4867 218
4868 218
4869 174
4870 218
4871 741
4873 688
4879 1274
4889 262
4890 435
4891 213
4892 85
4893 85
4894 85
4895 85
4896 84
4897 85
4898 85
4899 85
4900 9
5084 287
5085 218
5086 218
5087 218
5088 218
5089 2175
5094 59
5095 1690
5206 900
5216 175
5217 436
5218 282
5219 85
5220 85
5221 85
5222 85
5223 85
5224 85
5225 85
5226 85
5227 85
5228 33
5238 175
5239 436
5240 282
5241 85
5242 85
5243 85
5244 85
5245 85
5246 85
5247 85
5248 85
5249 85
5250 85
5251 85
5252 84
5253 85
5254 85
5279 43
5280 1599
5281 435
5282 116
5283 85
5284 85
5285 85
5286 85
5287 85
5288 85
5289 84
5290 85
5291 85
5292 85
5293 85
5294 85
5295 85
5296 85
5297 85
5298 85
5299 85
5300 85
5301 84
5302 85
5303 85
5304 85
5305 85
5306 85
5307 85
5308 85
5309 85
5310 85
5311 85
5312 85
5313 84
5314 85
5315 85
5316 85
5317 85
5318 85
5319 85
5320 85
5321 85
5322 85
5323 85
5324 85
5325 85
5326 84
5327 85
5328 85
5329 85
5330 85
5331 85
5332 85
5333 85
5334 85
5335 85
5336 85
5337 85
5338 84
5339 85
5340 85
5341 85
5342 85
5343 85
5344 85
5345 85
5346 85
5347 85
5348 85
5349 85
5350 84
5351 85
5352 85
5373 1427
5383 8
5404 43
5441 4331
5442 349
5443 435
5444 143
5445 42
5462 9
5473 153
5483 755
5493 9
5805 8
5826 3703
5845 69
5861 174
5882 44
5892 1307
5902 2609
6130 9
6141 8
6207 1257
6208 892
6218 891
6227 9
6228 815
6237 262
6238 435
6239 213
6240 85
6241 85
6242 85
6243 85
6244 59
6269 9
6279 8
6289 272
6406 4101
6426 87
6427 435
6428 355
6429 68
6468 2156
6478 2022
6479 84
6480 85
6481 85
6482 85
6483 85
6484 9
6498 8
6555 900
6574 3448
6587 262
6588 436
6589 212
6590 85
6591 85
6592 85
6593 85
6594 85
6595 85
6596 85
6597 85
6598 85
6599 85
6600 8
6632 9
6642 8
6652 9
6663 44
6692 2355
6712 1928
6714 696
6722 161
6724 436
6725 423
6726 85
6727 85
6728 85
6729 85
6730 85
6731 85
6732 85
6733 85
6734 85
6735 85
6736 84
6737 85
6738 85
6739 85
6740 85
6741 85
6742 85
6743 85
6744 85
6745 85
6746 85
6747 85
6748 85
6749 84
6750 85
6751 85
6752 85
6753 85
6754 85
6755 85
6756 85
6757 85
6758 85
6759 85
6760 85
6761 84
6762 85
6763 85
6764 85
6765 85
6766 85
6767 85
6768 85
6769 85
6770 85
6771 85
6772 85
6773 84
6774 85
6775 85
6776 85
6777 85
6778 85
6779 85
6780 85
6781 85
6782 85
6783 85
6784 85
6785 84
6786 85
6787 85
6788 85
6789 85
6790 85
6791 85
6792 85
6793 85
6794 85
6795 85
6796 85
6797 85
6798 84
6799 85
6800 9
6843 8
6844 9
6854 119
6865 44
6885 44
7110 43
7131 44
7151 43
7176 5325
7197 218
7198 436
7199 247
7200 8
7520 9
7557 148
7558 2169
7576 88
7577 130
7618 44
7658 1438
7679 131
7699 6595
7700 435
7701 354
7702 42
7724 77
7725 392
7726 436
7727 108
7728 85
7729 85
7730 50
7744 1223
7745 85
7746 85
7747 85
7748 85
7749 85
7750 85
7751 85
7752 85
7753 85
7754 85
7755 84
7756 85
7757 85
7758 85
7759 77
7775 416
7786 42
8011 297
8021 858
8045 1800
8046 157
8047 218
8048 218
8049 218
8050 218
8051 218
8052 218
8053 217
8054 218
8055 218
8056 218
8057 2018
8066 102
8067 44
8068 435
8069 389
8070 42
8087 9
8097 8
8311 798
8346 1410
8347 289
8380 8
8381 192
8382 218
8383 218
8384 217
8385 218
8386 218
8387 218
8420 44
8430 3712
8441 468
8451 9
8461 187
8486 4228
8487 175
8488 435
8489 284
8490 85
8491 84
8492 85
8493 85
8494 85
8495 85
8496 85
8497 85
8498 85
8499 85
8500 85
8501 85
8502 25
8611 238
8621 8
8631 9
8678 52
8679 174
8680 218
8681 218
8682 218
8683 131
8700 43
8720 2382
8735 2956
8736 436
8737 116
8738 85
8739 85
8740 85
8741 85
8742 85
8743 85
8744 85
8745 85
8746 17
8766 297
8787 42
8797 34
8906 4360
8907 218
8908 218
8909 174
8930 349
8931 435
8932 142
8933 85
8934 85
8935 85
8936 85
8937 85
8938 85
8939 85
8940 85
8941 85
8942 85
8943 85
8961 1528
8962 85
8963 34
8982 1223
9103 8
9113 809
9123 87
9134 44
9144 43
9171 44
9172 174
9173 218
9174 218
9175 218
9176 1626
9185 1648
9193 1792
9285 88
9286 435
9287 354
9288 84
9289 85
9290 85
9291 85
9292 85
9293 85
9294 85
9295 34
9316 8
9327 9
9337 3541
9398 1571
9408 44
9429 44
9468 87
9469 174
9470 1726
9482 2496
9490 272
9492 560
9499 218
9500 436
9501 248
9502 85
9503 85
9504 85
9505 85
9506 85
9507 85
9508 85
9509 84
9510 85
9511 85
9512 85
9513 85
9514 85
9515 85
9516 85
9517 85
9518 85
9519 85
9520 85
9521 84
9522 85
9523 85
9524 85
9525 85
9526 85
9527 85
9528 85
9529 85
9530 85
9531 85
9532 85
9533 84
9534 85
9535 85
9536 85
9537 85
9538 85
9539 85
9540 76
9551 136
9562 1130
9572 1460
9573 85
9574 85
9575 85
9576 85
9577 85
9578 85
9579 85
9580 85
9581 85
9582 84
9583 85
9638 1368
9654 603
9659 305
9660 44
9679 825
9690 8
9710 68
9737 2955
9758 1351
9774 349
10210 43
10244 2531
10245 184
10246 218
10247 218
10248 217
10249 218
10250 218
10251 218
10252 218
10253 218
10254 218
10255 218
10256 218
10257 217
10258 218
10259 218
10260 218
10261 218
10262 218
10263 218
10264 218
10265 174
10266 218
10267 218
10268 305
10269 1318
10278 331
10282 175
10283 435
10284 283
10285 85
10286 85
10287 85
10288 85
10289 85
10290 85
10291 85
10292 85
10293 85
10294 84
10295 85
10296 85
10297 85
10298 85
10299 85
10300 85
10301 85
10302 17
10324 8
10335 9
10345 959
10373 9
10374 858
10381 2496
10395 51
10396 392
10397 435
10398 109
10399 85
10400 85
10401 85
10402 85
10403 85
10404 84
10405 85
10406 85
10407 85
10408 85
10409 85
10410 51
10426 9
10436 8
10447 764
10482 111
10483 1129
10495 391
10499 883
10503 8
10504 603
10511 280
10514 204
10516 88
10517 435
10518 345
10538 1087
10569 34
10579 3388
10603 985
10604 218
10605 435
10606 249
10607 85
10608 85
10609 85
10610 85
10611 85
10612 85
10613 84
10614 85
10615 85
10616 85
10617 85
10618 85
10619 85
10620 85
10621 85
10622 85
10623 85
10624 85
10625 84
10626 85
10627 85
10628 85
10629 85
10630 85
10631 17
10655 9
10666 1477
10702 1800
10703 1087
10716 305
10717 435
10718 179
10719 85
10720 85
10721 85
10722 85
10723 84
10724 85
10725 85
10726 85
10727 17
10798 1096
10799 288
10802 977
10814 1987
10820 435
10821 424
10822 85
10823 85
10824 85
10825 85
10826 85
10827 85
10828 85
10829 85
10830 85
10831 85
10832 85
10833 84
10834 85
10835 85
10836 85
10837 85
10838 85
10839 85
10840 85
10841 85
10842 85
10843 85
10844 85
10845 85
10846 84
10847 85
10848 85
10849 85
10850 85
10851 85
10852 85
10853 85
10854 85
10855 85
10856 85
10857 85
10858 84
10859 85
10860 85
10861 85
10862 85
10863 68
10892 866
10902 60
10945 2004
10946 1265
10959 1036
10971 175
10993 43
11013 44
11024 3256
11044 976
11045 85
11046 571
11052 261
11053 435
11054 213
11055 85
11056 85
11057 85
11058 85
11059 85
11060 85
11061 85
11062 85
11063 85
11064 85
11065 85
11066 85
11067 84
11068 85
11069 85
11070 85
11071 60
11096 51
11117 34
11143 2751
11144 8
11163 9
11174 2608
11184 9
11194 8
11215 85
11239 2692
11240 374
11244 263
11247 968
11259 436
11260 424
11261 85
11262 25
11311 204
11333 3295
11334 857
11344 218
11345 435
11346 249
11347 85
11348 85
11349 84
11350 85
11351 85
11352 85
11353 85
11354 85
11355 85
11356 85
11357 85
11358 85
11359 85
11360 25
11376 1418
11377 85
11378 85
11379 85
11380 85
11381 85
11382 85
11383 85
11384 85
11385 84
11386 85
11387 85
11388 85
11389 85
11390 85
11391 85
11392 85
11393 85
11394 85
11395 85
11396 85
11397 85
11398 84
11399 85
11400 9
11432 976
11443 44
11444 435
11445 389
11446 85
11447 84
11448 85
11449 85
11450 85
11451 85
11452 85
11453 85
11454 85
11455 85
11456 85
11457 85
11458 85
11459 84
11460 85
11461 85
11462 85
11463 85
11464 85
11465 85
11466 85
11467 85
11468 85
11469 85
11470 85
11471 84
11472 85
11473 85
11474 85
11475 26
11496 8
11511 51
11601 1444
11611 17
11621 212
11631 323
11659 51
11660 1190
11668 218
11669 218
11670 218
11671 218
11672 4095
11681 391
11682 435
11683 110
11684 85
11685 85
11686 85
11687 85
11688 85
11689 85
11690 85
11691 85
11692 84
11693 85
11694 85
11695 85
11696 85
11697 85
11698 85
11699 85
11700 8
11816 9
11836 8
11847 9
11873 44
11874 174
11875 218
11876 218
11877 218
11878 218
11879 1506
11888 544
11894 552
11895 1655
11914 544
11915 59
11916 138
11917 435
11918 354
11919 85
11920 85
11921 8
11966 9
11992 883
11993 1223
12007 891
12014 884
12024 59
12025 408
12029 88
12030 435
12031 353
12032 85
12033 85
12034 85
12035 85
12036 84
12037 85
12038 85
12039 85
12040 85
12041 85
12042 85
12043 85
12044 85
12045 85
12046 85
12047 85
12048 84
12049 85
12050 85
12051 85
12052 85
12053 85
12054 85
12055 85
12056 85
12057 85
12058 85
12059 85
12060 84
12061 85
12062 85
12063 85
12064 85
12065 85
12066 85
12067 85
12068 85
12069 85
12070 85
12071 85
12072 84
12073 85
12074 85
12075 85
12076 85
12077 85
12078 85
12079 85
12080 85
12081 85
12082 85
12083 85
12084 85
12085 84
12086 85
12087 85
12088 85
12089 85
12090 85
12091 51
12112 262
12113 435
12114 213
12115 68
12143 8
12163 9
12187 433
12188 195
12190 688
12198 442
12203 2598
12208 44
12209 435
12210 389
12211 85
12212 85
12213 85
12214 85
12215 85
12216 34
12229 8
12239 9
12250 874
12288 2990
12289 509
12295 218
12326 1363
12337 131
12379 43
12390 44
12410 1040
12411 332
12414 17
12415 891
12425 892
12431 654
12439 220
12442 877
12451 87
12452 434
12453 354
12454 85
12455 85
12456 85
12472 9
12493 8
12636 663
12637 1486
12647 76
12658 272
12668 1146
12711 9
12732 5255
12745 218
12746 434
12747 249
12748 85
12749 85
12750 85
12751 85
12752 85
12753 85
12754 85
12755 25
12767 51
12777 17
12787 2709
12788 85
12789 85
12790 85
12791 85
12792 85
12793 85
12794 85
12795 85
12796 34
12828 951
12836 436
12837 423
12838 60
12859 8
12869 9
12879 908
12890 1215
12921 144
12922 102
12923 645
12930 17
12931 280
12934 425
12939 170
12941 586
12942 305
12946 493
12952 348
12953 435
12954 145
12955 85
12956 84
12957 85
12958 85
12959 85
12960 85
12961 85
12962 85
12963 85
12964 85
12965 85
12966 85
12967 85
12968 84
12969 85
12970 85
12971 85
12972 85
12973 9
12994 1859
12995 85
12996 85
12997 85
12998 85
12999 85
13000 51
13014 8
13035 9
13045 875
13072 891
13073 892
13083 891
13093 9
13094 815
13103 218
13104 436
13105 248
13106 85
13107 85
13108 85
13109 85
13110 85
13111 85
13112 85
13113 85
13114 85
13115 84
13116 85
13117 85
13118 85
13119 85
13120 85
13121 85
13122 85
13123 85
13124 85
13125 85
13126 85
13127 84
13128 85
13129 85
13130 85
13131 85
13132 85
13133 85
13134 85
13135 85
13136 85
13137 85
13138 85
13139 85
13140 84
13141 85
13142 85
13143 85
13144 85
13145 85
13166 442
13203 934
13213 1656
13224 8
13234 9
13244 8
13274 2586
13295 764
13720 9
13730 8
13740 501
13750 9
13779 8
13780 5185
13781 435
13782 319
13783 85
13784 85
13785 85
13786 85
13787 34
13801 458
13811 9
13821 611
13832 9
13842 8
13871 365
13872 3440
13876 17
13877 560
13883 175
13884 435
13885 284
13886 85
13887 85
13888 84
13889 85
13905 9
13915 8
13925 824
13936 9
13946 8
13971 892
13972 1919
13993 1342
14008 8
14009 221
14011 174
14012 435
14013 284
14014 85
14015 85
14016 85
14017 85
14018 85
14019 85
14020 85
14021 85
14022 85
14023 84
14024 85
14025 85
14026 85
14027 85
14028 85
14029 85
14030 85
14031 85
14032 85
14033 85
14034 85
14035 84
14036 85
14037 85
14038 85
14039 85
14040 26
14053 815
14111 390
14112 3369
14113 436
14114 248
14115 85
14116 85
14117 85
14118 85
14119 85
14120 85
14121 84
14122 85
14123 85
14124 85
14125 85
14126 9
14153 8
14163 9
14197 1995
14198 2361
14239 44
14250 44
14260 780
14270 8
14293 2616
14297 1053
14310 93
14311 620
14314 175
14315 435
14316 284
14317 84
14335 272
14355 34
14366 9
14393 1656
14394 2708
14414 131
14415 435
14416 318
14417 85
14418 85
14419 85
14420 34
14445 9
14455 8
14466 561
14492 314
14493 891
14503 892
14513 892
14524 823
14533 44
14554 832
14564 9
14574 8
14607 85
14608 790
14648 891
14651 892
14661 892
14671 390
14675 9
14676 416
14680 44
14681 436
14682 388
14683 85
14684 42
14723 3354
14724 85
14725 85
14726 85
14727 85
14728 85
14729 85
14730 85
14731 85
14732 34
14743 849
14754 93
14764 1342
14774 1333
14775 85
14776 85
14777 85
14778 85
14779 85
14780 85
14781 85
14782 85
14783 84
14784 85
14785 85
14786 85
14787 85
14788 85
14789 85
14790 85
14791 85
14792 85
14793 85
14794 85
14795 85
14796 84
14797 85
14798 85
14799 85
14800 9
14815 8
14893 9
15310 1290
15340 9
15357 289
15676 44
16108 44
16119 43
16139 131
16140 174
16141 218
16142 1287
16149 1363
16161 130
16181 1351
16207 44
16227 218
16238 1176
16270 872
16274 5741
16302 1871
16321 1394
16331 9
16347 8
16357 4546
16358 85
16359 85
16360 85
16361 85
16362 85
16363 85
16364 85
16365 85
16366 84
16367 85
16368 85
16369 85
16370 85
16371 85
16372 85
16373 85
16374 85
16375 85
16376 85
16377 51
16398 1188
16506 722
16516 9
16526 8
16536 9
16547 44
16574 131
16615 43
16629 5992
16630 43
16650 44
16651 435
16652 388
16653 85
16654 85
16655 85
16656 85
16657 85
16658 85
16659 85
16660 84
16661 85
16662 85
16663 85
16664 85
16665 85
16666 85
16667 85
16668 85
16669 85
16670 34
16681 8
16692 9
16911 2021
16921 68
16931 34
16941 382
16971 113
16972 218
16973 217
16974 218
16975 218
16976 218
16977 218
16978 218
16979 218
16980 218
16981 218
16982 1722
16992 1206
17210 1469
17211 392
17212 436
17213 107
17214 85
17215 85
17216 85
17217 85
17218 85
17219 34
17231 255
17263 76
17273 9
17283 1333
17294 212
17406 44
17416 87
17436 3856
17437 25
17438 218
17439 218
17440 218
17441 218
17442 218
17443 1736
17454 87
17455 349
17488 43
17606 44
17616 902
17626 1300
17652 518
17653 69
17654 218
17655 218
17656 218
17657 87
17684 5006
17685 85
17686 85
17687 85
17688 85
17689 85
17690 85
17691 84
17692 85
17693 85
17694 85
17695 85
17696 85
17697 85
17698 85
17699 85
17700 8
17764 9
17810 8
17831 9
17853 131
17854 1286
17862 2473
17875 218
17876 2851
17895 436
17896 424
17897 85
17898 85
17899 84
17900 9
17915 8
17925 9
17971 4356
17972 262
17973 435
17974 213
17975 85
17976 85
17977 85
17978 85
17979 85
17980 85
17981 85
17982 85
17983 85
17984 85
17985 50
18148 51
18158 357
18207 9
18235 407
18236 408
18239 69
18240 218
18241 218
18242 218
18243 218
18244 218
18245 217
18246 218
18247 2680
18256 186
18257 332
18261 218
18262 1497
18272 44
18273 435
18274 389
18275 85
18276 85
18277 85
18278 85
18279 84
18280 77
18294 756
18406 8
18426 9
18436 119
18463 93
18464 662
18485 184
19107 87
19395 44
19415 5875
19416 218
19417 218
19418 218
19419 218
19420 218
19421 218
19422 218
19423 1148
19429 44
19430 174
19431 435
19432 299
19433 85
19434 85
19435 85
19436 68
19462 9
19472 662
19482 9
19492 8
19516 1350
19517 213
19519 50
19520 2022
19538 738
19545 44
19546 436
19547 388
19548 85
19549 85
19550 85
19551 85
19552 85
19553 85
19554 85
19555 84
19556 85
19557 85
19558 85
19559 85
19560 85
19561 85
19562 85
19563 85
19564 85
19565 85
19566 85
19567 84
19568 85
19569 85
19570 85
19571 85
19572 85
19573 85
19574 85
19575 85
19576 85
19577 85
19578 85
19579 85
19580 84
19581 85
19582 85
19583 85
19584 85
19585 85
19586 85
19587 85
19588 85
19589 85
19590 85
19591 85
19592 84
19593 85
19594 85
19595 85
19596 85
19597 85
19598 85
19599 85
19600 8
19926 9
19967 148
19968 175
19969 217
19970 218
19971 218
19972 218
19973 218
19974 218
19975 218
19976 218
19977 218
19978 217
19979 218
19980 218
19981 218
19982 218
19983 218
19984 1310
19988 2785
19991 298
19995 348
19996 435
19997 144
19998 85
20019 94
20030 8
20040 9
20050 373
20071 1597
20072 985
20073 306
20077 450
20082 671
20090 349
20091 436
20092 143
20093 85
20094 85
20095 84
20096 85
20097 85
20098 85
20099 85
20100 9
20321 8
20331 9
20341 8
20352 44
20376 131
20377 218
20378 218
20379 217
20380 218
20381 218
20382 218
20383 218
20384 218
20385 218
20386 218
20387 1592
20397 1546
20415 1095
20417 493
20422 88
20423 435
20424 354
20425 85
20426 84
20427 85
20428 85
20429 85
20430 85
20431 85
20432 85
20433 85
20434 85
20435 85
20436 85
20437 85
20458 8
20479 9
20489 2216
20510 2226
20511 435
20512 388
20531 119
20541 484
20552 179
20589 8
20590 9
20706 34
20751 2980
20770 1876
20772 156
20773 218
20774 218
20775 218
20776 218
20777 871
20780 218
20781 436
20782 246
20783 85
20784 85
20785 85
20786 85
20787 85
20788 85
20789 85
20790 85
20791 85
20792 85
20793 85
20794 84
20795 85
20796 85
20797 85
20798 85
20799 85
20800 85
20801 85
20802 85
20803 85
20804 85
20805 85
20806 84
20807 85
20808 85
20809 85
20810 85
20811 85
20812 85
20813 85
20814 85
20815 85
20816 85
20817 85
20818 85
20833 8
20844 526
20864 9
20875 8
20897 4418
20898 435
20899 130
21006 436
21007 423
21008 85
21009 85
21010 85
21011 85
21012 85
21013 85
21014 85
21015 84
21016 85
21017 85
21018 85
21019 85
21020 85
21021 85
21022 85
21023 85
21024 85
21025 85
21026 85
21027 84
21028 85
21029 85
21030 85
21031 85
21032 85
21033 85
21034 85
21035 85
21036 85
21037 85
21038 85
21039 84
21040 85
21041 85
21042 85
21043 85
21044 85
21045 85
21046 85
21047 85
21048 85
21049 85
21050 85
21051 85
21052 84
21053 85
21054 85
21055 85
21056 85
21057 85
21058 85
21059 85
21060 85
21061 85
21062 85
21063 85
21064 84
21065 85
21066 85
21067 85
21068 85
21069 85
21070 85
21071 85
21072 85
21073 85
21074 85
21075 85
21076 8
21405 2038
21415 9
21436 8
21446 9
21467 44
21468 174
21469 218
21489 305
22039 8054
22040 218
22041 43
22062 87
22063 436
22064 352
22065 85
22066 85
22067 85
22068 85
22069 85
22070 84
22071 85
22072 85
22073 85
22074 85
22075 85
22076 68
22116 44
22126 44
22136 653
22157 317
22181 3941
22194 1429
22195 435
22196 116
22197 85
22198 85
22199 85
22200 8
22705 9
22715 8
22726 9
22736 44
22761 44
22762 174
22763 218
22764 218
22765 218
22766 218
22767 217
22768 218
22769 218
22770 218
22771 218
22772 218
22773 218
22774 218
22775 218
22776 217
22777 218
22778 218
22779 218
22780 218
22781 218
22782 218
22783 479
22785 131
22786 218
22787 218
22788 217
22789 218
22790 218
22791 3917
23020 218
23021 434
23022 250
23023 85
23024 85
23025 85
23026 85
23027 84
23028 85
23029 85
23030 85
23031 85
23032 85
23033 85
23034 85
23035 85
23036 85
23037 85
23038 85
23039 84
23040 85
23041 51
23061 255
23072 161
23082 145
23092 3804
23093 85
23094 85
23095 85
23096 85
23097 85
23098 85
23099 68
23132 218
23133 436
23134 248
23135 85
23136 85
23137 84
23138 85
23139 85
23140 85
23141 85
23142 85
23143 85
23144 85
23145 85
23146 85
23147 85
23148 85
23149 84
23150 85
23151 85
23152 85
23153 85
23154 85
23155 85
23156 85
23157 85
23158 85
23159 85
23160 85
23161 84
23162 85
23163 85
23164 85
23165 85
23166 85
23167 85
23168 51
23184 8
23204 9
23214 951
23224 26
23235 59
23262 637
23263 136
23264 2362
23283 297
23287 136
23288 17
23289 221
23291 1214
23303 87
23304 434
23305 356
23306 85
23307 85
23308 85
23309 84
23310 85
23311 85
23312 85
23313 85
23314 85
23315 85
23316 85
23317 85
23318 85
23319 85
23320 85
23321 84
23322 85
23323 85
23324 85
23325 85
23326 85
23327 85
23328 85
23329 85
23330 85
23331 85
23332 85
23333 84
23334 85
23335 85
23336 85
23337 85
23338 85
23339 85
23340 85
23341 85
23342 85
23343 85
23344 85
23345 84
23346 85
23347 85
23348 85
23349 85
23350 85
23351 85
23352 85
23353 85
23354 85
23355 85
23356 85
23357 85
23358 84
23359 85
23360 85
23361 85
23362 85
23363 85
23364 85
23365 85
23366 85
23367 85
23368 85
23369 85
23370 84
23371 85
23372 85
23373 85
23374 85
23375 85
23376 85
23377 85
23378 85
23379 85
23380 85
23381 85
23382 84
23383 85
23384 85
23385 85
23386 85
23387 85
23388 85
23389 85
23390 85
23391 85
23392 85
23393 85
23394 85
23395 84
23396 85
23397 85
23398 85
23399 85
23400 85
23401 85
23402 85
23403 85
23404 85
23405 17
23427 8
23437 178
23476 960
23477 1214
23487 459
23493 1197
23498 357
23502 218
23503 436
23504 248
23505 84
23506 85
23507 85
23508 85
23509 85
23510 85
23511 85
23512 85
23513 85
23514 85
23515 85
23516 85
23517 84
23518 85
23519 85
23520 85
23521 85
23522 85
23523 85
23524 85
23525 85
23526 85
23527 85
23528 76
23549 77
23560 467
23570 8
23580 43
23607 4427
23608 435
23609 353
23610 85
23611 85
23612 85
23613 85
23614 85
23615 84
23616 85
23617 85
23618 85
23619 26
23638 849
23649 8
23659 9
23669 2072
23679 815
23722 9
23807 8
23817 1554
23837 119
23838 1418
23855 724
23858 43
23859 175
23860 217
23861 218
23862 218
23863 1038
23867 663
23874 218
23875 434
23876 250
23877 85
23878 85
23879 85
23880 85
23881 85
23882 85
23883 85
23884 85
23885 84
23886 85
23887 85
23888 85
23889 85
23890 85
23891 9
23906 8
23916 611
23937 9
23947 136
23970 475
23971 688
23979 595
23985 492
23991 162
23993 1834
24011 131
24012 435
24013 319
24014 85
24015 85
24016 85
24017 85
24018 85
24032 1188
24033 85
24034 85
24035 85
24036 85
24037 85
24038 85
24039 85
24040 85
24041 85
24042 85
24043 85
24044 85
24045 84
24046 85
24047 85
24048 85
24049 85
24050 85
24051 85
24052 85
24053 85
24054 85
24055 85
24056 85
24057 84
24058 85
24059 85
24060 85
24061 85
24062 85
24063 85
24064 85
24065 85
24066 85
24067 85
24068 85
24069 84
24070 85
24071 85
24072 85
24073 85
24074 85
24075 85
24076 85
24077 85
24078 85
24079 85
24080 85
24081 84
24082 85
24083 85
24084 85
24085 85
24086 85
24087 85
24088 85
24089 85
24090 85
24091 85
24092 85
24093 85
24094 84
24095 85
24096 85
24097 85
24098 85
24099 85
24100 9
24114 8
24125 9
24135 3031
24136 85
24137 85
24138 85
24139 85
24140 85
24141 85
24142 85
24143 84
24144 85
24145 85
24146 85
24147 85
24148 85
24149 85
24150 85
24151 85
24152 85
24153 85
24154 85
24155 84
24156 85
24157 85
24158 85
24159 85
24160 85
24161 85
24162 85
24163 85
24164 85
24165 85
24166 85
24167 84
24168 85
24169 85
24170 85
24171 85
24172 85
24173 85
24174 85
24175 34
24186 272
24197 1647
24198 85
24199 85
24200 85
24201 85
24202 85
24203 85
24204 84
24205 85
24206 85
24207 85
24208 85
24209 85
24210 85
24228 883
24248 374
24258 8
24269 9
24297 4373
24298 305
24299 434
24300 43
24318 44
24329 33
24349 1198
24371 17
24372 3290
24373 435
24374 43
24393 785
24403 246
24423 731
24433 645
24454 9
24488 8
24489 17
24513 535
24519 3306
24534 894
24535 1201
24542 391
24543 434
24544 111
24545 85
24546 85
24547 85
24548 84
24549 85
24550 85
24551 85
24552 85
24553 85
24554 85
24555 85
24556 85
24557 85
24558 85
24559 85
24560 84
24561 85
24562 85
24563 85
24564 85
24565 85
24566 85
24567 85
24568 85
24569 85
24570 85
24571 42
24586 1316
24587 85
24588 85
24589 85
24590 85
24591 85
24592 85
24593 85
24594 85
24595 85
24596 85
24597 84
24598 85
24599 85
24600 85
24601 85
24602 85
24603 85
24604 85
24605 85
24606 85
24607 85
24608 85
24609 84
24610 85
24611 85
24612 85
24613 85
24614 85
24615 85
24616 85
24617 85
24618 85
24619 85
24620 85
24621 84
24622 85
24623 85
24624 26
24637 8
24648 9
24658 526
24668 9
24678 305
24702 3261
24703 824
24705 262
24706 436
24707 212
24708 85
24709 85
24710 85
24711 85
24712 85
24713 85
24714 85
24715 85
24716 85
24717 85
24718 85
24719 84
24720 85
24721 85
24722 85
24723 85
24724 85
24725 85
24726 85
24727 85
24728 85
24729 85
24730 85
24731 85
24732 84
24733 85
24734 85
24735 85
24736 85
24737 85
24738 85
24739 85
24740 85
24741 85
24742 85
24743 85
24754 348
24765 356
24775 2013
24776 85
24777 85
24778 85
24779 85
24780 85
24781 84
24782 85
24783 85
24784 85
24785 85
24786 85
24787 42
24806 9
24816 552
24826 2785
24827 94
24828 85
24829 85
24830 84
24831 85
24832 85
24833 85
24834 85
24835 85
24836 85
24837 85
24838 85
24839 85
24840 85
24841 85
24842 84
24843 85
24844 85
24845 51
24866 261
24867 434
24868 215
24869 85
24870 85
24871 85
24872 85
24873 85
24874 85
24875 85
24876 85
24877 85
24878 85
24879 84
24880 85
24881 85
24882 85
24883 85
24884 85
24885 85
24886 85
24887 85
24888 85
24889 85
24890 85
24891 25
24907 1418
24908 85
24909 85
24910 85
24911 17
24928 8
24938 9
24948 102
24959 8
24984 3439
24985 884
24995 95
24996 434
24997 390
24998 85
24999 8
25017 26
25027 2428
25028 85
25029 85
25030 85
25031 85
25032 85
25033 85
25034 85
25035 85
25036 85
25037 85
25038 84
25039 85
25040 85
25041 85
25042 85
25043 85
25044 85
25045 85
25046 85
25047 85
25048 85
25049 85
25050 85
25051 33
25079 977
25099 9
25110 8
25134 1996
25135 1146
25148 170
25150 1053
25156 391
25157 434
25158 111
25159 85
25160 85
25161 84
25162 85
25163 85
25164 85
25165 85
25166 85
25167 85
25168 85
25169 85
25170 85
25171 85
25172 85
25173 84
25174 85
25175 85
25176 85
25177 85
25178 85
25179 85
25180 85
25181 85
25182 85
25183 85
25184 85
25185 84
25186 85
25187 85
25188 85
25189 85
25190 85
25191 85
25192 85
25193 85
25194 85
25195 85
25196 85
25197 85
25198 84
25199 85
25200 85
25201 85
25202 85
25203 85
25204 85
25205 85
25206 85
25207 85
25208 85
25209 85
25210 84
25211 85
25212 85
25213 85
25214 85
25215 85
25216 85
25217 85
25218 85
25219 85
25220 59
25238 1554
25239 85
25240 85
25241 85
25242 85
25243 85
25244 85
25245 85
25246 85
25247 84
25248 85
25249 85
25250 85
25251 85
25252 85
25253 85
25254 85
25255 85
25256 85
25257 85
25258 85
25259 84
25260 85
25261 85
25262 85
25263 85
25264 85
25265 85
25266 8
25279 9
25290 8
25300 43
25310 8
25338 357
25339 2352
25360 1665
25379 261
25380 434
25381 216
25382 84
25383 85
25384 85
25385 85
25386 85
25387 85
25388 85
25389 85
25390 85
25391 85
25392 85
25393 85
25394 84
25395 85
25396 85
25397 85
25398 85
25399 85
25400 85
25401 85
25402 85
25403 85
25404 85
25405 85
25406 84
25407 85
25408 85
25409 85
25410 85
25411 85
25412 85
25413 85
25414 85
25415 85
25416 85
25417 85
25418 85
25419 84
25420 85
25421 85
25422 85
25423 85
25424 85
25425 85
25426 85
25427 85
25428 85
25429 85
25430 85
25431 84
25432 85
25433 85
25434 85
25435 85
25436 85
25437 85
25438 85
25439 85
25440 85
25441 85
25442 85
25443 84
25444 85
25445 85
25446 85
25447 85
25448 85
25449 85
25450 85
25451 85
25452 85
25453 85
25454 85
25455 84
25456 85
25457 85
25458 85
25459 85
25460 85
25461 85
25462 85
25463 85
25464 85
25465 85
25466 85
25467 85
25468 84
25469 85
25470 85
25471 85
25472 85
25473 85
25474 85
25475 85
25476 85
25477 85
25478 85
25479 85
25480 84
25481 85
25482 85
25483 85
25484 85
25485 85
25486 85
25487 85
25488 85
25489 85
25490 85
25491 85
25492 84
25493 85
25494 85
25495 85
25496 85
25497 85
25498 85
25499 85
25500 8
25513 9
25524 8
25534 561
25544 8
25555 382
25578 612
25579 136
25581 688
25589 2573
25600 304
25601 434
25602 181
25603 84
25604 85
25605 85
25606 85
25607 85
25608 85
25609 85
25610 85
25611 85
25612 85
25613 85
25614 85
25615 84
25616 85
25617 85
25618 85
25619 85
25620 85
25621 85
25622 85
25623 85
25624 85
25625 85
25626 85
25627 25
25641 9
25651 2089
25652 84
25653 85
25654 85
25655 85
25656 85
25657 85
25658 85
25659 85
25660 85
25661 85
25662 51
25682 42
25693 1350
25703 204
25713 17
25753 2004
25774 484
25775 1580
25794 428
25795 434
25796 320
25797 85
25798 85
25799 84
25800 85
25801 85
25802 85
25803 85
25804 85
25805 85
25806 85
25807 85
25808 85
25809 85
25810 68
25825 730
25836 8
25846 51
25856 1232
25866 8
25877 17
25906 60
25907 1146
25920 42
25921 3125
25928 435
25929 425
25930 85
25931 85
25932 85
25933 85
25934 84
25935 85
25936 85
25937 85
25938 85
25939 85
25940 59
25958 9
25969 127
25979 9
25989 790
26014 1851
26034 178
26035 1563
26053 87
26054 434
26055 87
26075 44
26085 2772
26086 85
26087 85
26088 85
26089 85
26090 85
26091 85
26092 42
26106 43
26116 8
26126 212
26137 816
26147 1299
26157 1622
26168 8
26188 60
26212 4297
26213 93
26214 391
26235 87
26236 434
26237 355
26238 85
26239 85
26240 84
26241 85
26242 43
26256 1231
26257 85
26258 85
26259 85
26260 85
26261 85
26262 85
26263 85
26264 85
26265 84
26266 34
26287 705
26297 960
26307 51
26318 153
26328 59
26338 9
26360 3668
26361 844
26362 434
26363 319
26364 85
26365 85
26366 85
26367 85
26368 85
26369 85
26370 85
26371 85
26372 85
26373 85
26374 85
26375 84
26376 85
26377 85
26378 85
26379 85
26380 85
26381 85
26382 85
26383 85
26384 85
26385 85
26386 85
26387 85
26388 84
26389 85
26390 85
26391 85
26392 85
26393 85
26394 85
26395 85
26396 85
26397 85
26398 85
26399 85
26400 84
26401 85
26402 85
26403 85
26404 85
26405 85
26406 85
26407 85
26408 85
26409 85
26410 85
26411 85
26412 84
26413 85
26414 85
26415 85
26416 85
26417 85
26418 85
26419 85
26420 85
26421 85
26422 85
26423 85
26424 84
26425 85
26426 85
26427 85
26428 85
26429 85
26430 17
26444 1257
26445 85
26446 85
26447 85
26448 85
26449 84
26450 85
26451 85
26452 85
26453 85
26454 85
26455 85
26456 85
26457 85
26458 85
26459 85
26460 85
26461 84
26462 85
26463 85
26464 85
26465 85
26466 85
26467 85
26468 85
26469 85
26470 85
26471 85
26472 85
26473 84
26474 85
26475 85
26476 85
26477 85
26478 85
26479 85
26480 85
26481 85
26482 85
26483 85
26484 85
26485 85
26486 84
26487 85
26488 85
26489 85
26490 85
26491 85
26492 85
26493 85
26494 85
26495 85
26496 85
26497 85
26498 84
26499 85
26500 9
26516 8
26526 9
26536 815
26547 9
26557 3430
26581 136
26582 824
26592 391
26593 434
26594 111
26595 85
26596 84
26597 85
26598 85
26599 85
26600 85
26601 85
26602 85
26603 85
26604 85
26605 85
26606 85
26607 85
26608 84
26609 85
26610 85
26611 85
26612 85
26613 85
26614 85
26615 85
26616 85
26617 85
26618 85
26619 85
26620 85
26621 84
26622 85
26623 85
26624 85
26625 85
26626 85
26627 85
26628 85
26629 85
26630 85
26631 85
26632 85
26633 84
26634 85
26635 85
26636 85
26637 85
26638 85
26639 85
26640 85
26641 85
26642 85
26643 85
26644 85
26645 84
26646 85
26647 85
26648 85
26649 85
26650 85
26651 85
26652 85
26653 85
26654 85
26655 85
26656 85
26657 84
26658 85
26659 85
26660 85
26661 85
26662 85
26663 85
26664 85
26665 85
26666 85
26667 85
26668 85
26669 85
26670 84
26671 85
26672 85
26673 85
26674 85
26675 85
26676 85
26677 85
26678 85
26679 85
26680 85
26681 85
26682 84
26683 85
26684 85
26685 85
26686 85
26687 85
26688 85
26689 85
26690 85
26691 85
26692 85
26693 85
26694 84
26695 85
26696 85
26697 85
26698 85
26699 85
26700 85
26701 85
26702 85
26703 85
26704 85
26705 85
26706 85
26707 84
26708 85
26709 85
26710 85
26711 85
26712 85
26713 85
26714 85
26715 85
26716 85
26717 85
26718 85
26719 84
26720 85
26721 85
26722 85
26723 85
26724 85
26725 85
26726 85
26727 85
26728 85
26729 85
26730 85
26731 84
26732 85
26733 85
26734 85
26735 85
26736 85
26737 85
26738 85
26739 85
26740 85
26741 51
26757 1392
26758 85
26759 85
26760 85
26761 85
26762 85
26763 85
26764 85
26765 85
26766 85
26767 85
26768 84
26769 85
26770 85
26771 85
26772 85
26773 85
26774 85
26775 85
26776 85
26777 85
26778 85
26779 85
26780 34
26799 8
26809 2505
26810 85
26811 85
26812 85
26813 85
26814 85
26815 85
26816 85
26817 84
26818 85
26819 85
26820 85
26821 85
26822 85
26823 85
26824 85
26825 85
26826 85
26827 85
26828 85
26829 84
26830 85
26831 85
26832 85
26833 85
26834 85
26835 85
26836 85
26837 85
26838 85
26839 85
26840 85
26841 84
26842 85
26843 85
26844 85
26845 85
26846 85
26847 85
26848 51
26860 8
26871 1351
26881 8
26891 43
26902 662
26912 8
26922 9
26944 178
26945 3754
26966 450
26971 218
26972 434
26973 250
26974 85
26975 85
26976 84
26977 85
26978 85
26979 85
26980 85
26981 85
26982 85
26983 85
26984 85
26985 85
26986 85
26987 85
26988 85
26989 84
26990 85
26991 85
26992 85
26993 85
26994 85
26995 85
26996 85
26997 85
26998 85
26999 85
27000 85
27001 84
27002 85
27003 85
27004 85
27005 77
27017 1019
27018 93
27019 85
27020 85
27021 85
27022 85
27023 85
27024 85
27025 84
27026 85
27027 85
27028 85
27029 85
27030 85
27031 85
27032 8
27048 9
27059 8
27069 731
27079 8
27090 187
27112 4204
27113 174
27114 434
27115 285
27136 87
27137 434
27138 355
27139 85
27140 85
27141 85
27142 85
27143 85
27144 85
27145 85
27146 85
27147 85
27148 84
27149 85
27150 85
27151 85
27152 85
27153 85
27154 85
27155 85
27156 85
27157 85
27158 85
27159 85
27160 84
27161 85
27162 85
27163 85
27164 85
27165 85
27166 85
27167 85
27168 85
27169 85
27170 85
27171 85
27172 85
27173 84
27174 85
27175 85
27176 85
27177 85
27178 51
27198 1732
27199 85
27200 85
27201 85
27202 85
27203 85
27204 8
27219 51
27229 145
27239 450
27250 1384
27260 127
27270 3525
27271 84
27272 85
27273 85
27274 85
27275 85
27276 85
27277 85
27278 85
27279 85
27280 85
27281 85
27282 85
27283 84
27284 85
27285 85
27286 85
27287 85
27288 85
27289 85
27290 85
27291 85
27292 85
27293 85
27294 85
27295 84
27296 85
27297 85
27298 85
27299 85
27300 85
27301 85
27302 85
27303 85
27304 85
27305 85
27306 85
27307 85
27308 84
27309 85
27310 85
27311 85
27312 85
27313 17
27332 9
27342 2462
27363 9
27373 2683
27374 85
27375 85
27376 85
27377 85
27378 85
27379 85
27380 85
27381 84
27382 85
27383 85
27384 85
27385 85
27386 85
27387 85
27388 85
27389 85
27390 85
27391 85
27392 85
27393 84
27394 85
27395 85
27396 85
27397 85
27398 85
27399 85
27400 85
27401 85
27402 85
27403 85
27404 42
27425 9
27435 2666
27436 85
27437 85
27438 85
27439 85
27440 85
27441 85
27442 85
27443 84
27444 60
27456 8
27466 51
27476 9
27487 8
27497 510
27517 1528
27518 2631
27519 434
27520 215
27521 85
27522 85
27523 85
27524 85
27525 85
27526 85
27527 85
27528 84
27529 85
27530 85
27531 85
27532 85
27533 85
27534 85
27535 85
27536 85
27537 85
27538 85
27539 85
27540 85
27541 84
27542 85
27543 85
27544 85
27545 85
27546 85
27547 85
27548 85
27549 85
27550 42
27569 9
27580 2581
27581 85
27582 85
27583 85
27584 85
27585 85
27586 85
27587 25
27600 9
27611 17
27621 8
27631 841
27659 3541
27680 44
27681 434
27682 390
27683 85
27684 85
27685 85
27686 85
27687 85
27688 84
27689 60
27701 883
27722 9
27732 8
27742 510
27771 3872
27772 131
27773 434
27774 319
27775 85
27776 85
27777 85
27778 85
27779 85
27780 85
27781 85
27782 85
27783 85
27784 85
27785 85
27786 84
27787 85
27788 85
27789 85
27790 85
27791 85
27792 85
27793 85
27794 85
27795 85
27796 85
27797 85
27798 84
27799 85
27800 85
27801 85
27802 85
27803 51
27824 17
27834 926
27844 25
27855 3482
27856 85
27857 85
27858 85
27859 85
27860 84
27861 85
27862 85
27863 85
27864 85
27865 85
27866 85
27867 85
27868 85
27869 85
27870 85
27871 85
27872 84
27873 85
27874 85
27875 85
27876 85
27877 85
27878 85
27879 85
27880 85
27881 85
27882 85
27883 85
27884 84
27885 85
27886 85
27887 85
27888 85
27889 85
27890 85
27891 85
27892 85
27893 85
27894 85
27895 85
27896 84
27897 85
27898 85
27899 85
27900 85
27901 85
27902 85
27903 85
27904 85
27905 85
27906 85
27907 85
27908 85
27909 84
27910 85
27911 85
27912 85
27913 85
27914 85
27915 85
27916 85
27917 85
27918 85
27919 85
27920 85
27921 84
27922 85
27923 85
27924 85
27925 85
27926 85
27927 85
27928 85
27929 85
27930 85
27931 85
27932 85
27933 84
27934 85
27935 85
27936 85
27937 85
27938 85
27939 85
27940 59
27958 1554
27959 85
27960 85
27961 85
27962 85
27963 85
27964 85
27965 85
27966 85
27967 85
27968 85
27969 85
27970 84
27971 85
27972 85
27973 85
27974 85
27975 85
27976 85
27977 85
27978 85
27979 85
27980 85
27981 85
27982 84
27983 85
27984 85
27985 85
27986 85
27987 85
27988 85
27989 85
27990 85
27991 85
27992 85
27993 85
27994 85
27995 84
27996 85
27997 85
27998 85
27999 85
28000 85
28001 85
28002 85
28003 85
28004 85
28005 85
28006 85
28007 84
28008 85
28009 85
28010 85
28011 85
28012 60
28030 1554
28031 84
28032 85
28033 85
28034 85
28035 85
28036 85
28037 85
28038 85
28039 85
28040 85
28041 85
28042 85
28043 34
28061 1579
28062 85
28063 85
28064 85
28065 85
28066 34
28081 1324
28082 85
28083 85
28084 85
28085 85
28086 85
28087 85
28088 85
28089 85
28090 85
28091 85
28092 85
28093 84
28094 85
28095 85
28096 85
28097 85
28098 85
28099 85
28100 8
28112 9
28122 8
28133 9
28143 3702
28144 85
28145 85
28146 85
28147 85
28148 85
28149 85
28150 85
28151 85
28172 87
28173 434
28174 356
28175 85
28176 85
28177 85
28178 85
28179 84
28180 85
28181 85
28182 85
28183 85
28184 77
28203 8
28214 9
28224 135
28234 9
28258 1129
28259 2191
28279 9
28280 170
28282 832
28291 42
28292 348
28293 434
28294 145
28295 85
28296 85
28297 85
28298 85
28299 85
28300 85
28301 84
28302 85
28303 85
28304 85
28305 85
28306 85
28307 85
28308 85
28309 85
28310 85
28311 85
28312 85
28313 84
28314 85
28315 85
28316 85
28317 85
28318 85
28319 85
28320 85
28321 85
28322 85
28323 85
28324 85
28325 85
28326 84
28327 85
28328 85
28329 85
28330 85
28331 85
28332 85
28333 85
28334 85
28335 85
28336 85
28337 85
28338 84
28339 85
28340 85
28341 85
28342 85
28343 85
28344 85
28345 85
28346 85
28347 85
28348 85
28349 85
28350 84
28351 85
28352 85
28353 85
28354 85
28355 85
28356 85
28357 85
28358 85
28359 85
28360 85
28361 85
28362 85
28363 84
28364 85
28365 85
28366 85
28367 85
28368 85
28369 85
28370 85
28371 85
28372 85
28373 85
28374 85
28375 84
28376 85
28377 85
28378 85
28379 85
28380 85
28381 85
28382 85
28383 85
28384 85
28385 85
28386 85
28387 84
28388 85
28389 85
28390 85
28391 85
28392 85
28393 85
28394 85
28395 85
28396 85
28397 85
28398 85
28399 84
28400 85
28401 85
28402 85
28403 85
28404 85
28405 85
28406 85
28407 85
28408 85
28409 85
28410 85
28411 85
28412 84
28413 85
28414 85
28415 85
28416 9
28437 8
28447 9
28457 8
28468 34
28488 1631
28507 2744
28510 434
28511 424
28512 85
28513 85
28514 85
28515 85
28516 85
28517 85
28518 85
28519 85
28520 85
28521 85
28522 84
28523 85
28524 85
28525 85
28526 85
28527 85
28528 85
28529 85
28530 85
28531 85
28532 85
28533 85
28534 84
28535 85
28536 26
28551 8
28561 1571
28571 943
28592 42
28602 1588
28613 9
28623 3286
28624 85
28625 85
28626 85
28627 85
28628 85
28629 85
28630 85
28631 85
28632 84
28633 85
28634 85
28635 85
28636 85
28637 85
28638 85
28639 85
28640 85
28641 85
28642 85
28643 85
28644 85
28645 84
28646 85
28647 85
28648 85
28649 85
28650 85
28651 85
28652 85
28653 85
28654 85
28655 85
28656 85
28657 84
28658 85
28659 85
28660 85
28661 85
28662 85
28663 85
28664 85
28665 85
28666 85
28667 85
28668 85
28669 84
28670 85
28671 85
28672 85
28673 85
28674 85
28675 85
28676 85
28677 85
28678 85
28679 85
28680 85
28681 84
28682 85
28683 85
28684 85
28685 85
28686 85
28687 85
28688 85
28689 85
28690 85
28691 85
28692 85
28693 85
28694 84
28695 85
28696 85
28697 85
28698 85
28699 85
28700 85
28701 85
28702 85
28703 85
28704 85
28705 85
28706 84
28707 85
28708 85
28709 85
28710 85
28711 85
28712 85
28713 85
28714 85
28715 85
28716 85
28717 85
28718 84
28719 85
28720 85
28721 85
28722 85
28723 85
28724 85
28725 85
28726 85
28727 85
28728 85
28729 85
28730 85
28731 84
28732 85
28733 85
28734 85
28735 85
28736 85
28737 85
28738 85
28739 85
28740 85
28741 85
28742 85
28743 84
28744 85
28745 85
28746 85
28747 85
28748 85
28749 85
28750 85
28751 85
28752 85
28753 85
28754 85
28755 84
28756 85
28757 85
28758 85
28759 85
28760 85
28761 85
28762 85
28788 1435
28798 9
28808 2462
28809 85
28810 85
28811 85
28812 85
28813 85
28814 85
28815 85
28816 84
28817 85
28818 85
28819 85
28820 85
28821 85
28822 85
28823 85
28824 85
28825 85
28826 85
28827 85
28828 85
28829 84
28830 85
28831 85
28832 85
28833 85
28834 85
28835 85
28836 85
28837 85
28838 85
28839 85
28840 85
28841 84
28842 85
28843 85
28844 85
28845 85
28846 85
28847 85
28848 85
28849 85
28850 85
28851 85
28852 85
28853 84
28854 85
28855 85
28856 85
28857 85
28858 85
28859 85
28860 85
28861 85
28862 85
28863 85
28864 85
28865 84
28866 85
28867 85
28868 85
28869 85
28870 85
28871 85
28872 85
28873 85
28874 85
28875 85
28876 85
28877 85
28878 84
28879 85
28880 85
28881 85
28882 85
28883 85
28884 85
28885 85
28886 85
28887 85
28888 85
28889 85
28890 84
28891 85
28892 85
28893 85
28894 85
28895 85
28896 85
28897 85
28898 85
28899 85
28900 85
28901 85
28902 84
28903 85
28904 85
28905 85
28906 85
28907 85
28908 85
28909 85
28910 85
28911 85
28912 85
28913 85
28914 85
28915 84
28916 85
28917 85
28918 85
28919 85
28920 17
28932 9
28942 8
28952 1478
28963 8
28973 790
28983 8
28994 9
29019 1308
29034 3074
29040 174
29041 434
29042 285
29043 85
29044 85
29045 85
29046 85
29047 85
29048 85
29049 84
29050 85
29051 85
29052 85
29053 85
29054 85
29055 85
29056 85
29057 85
29058 85
29059 85
29060 85
29061 85
29062 84
29063 85
29064 85
29065 85
29066 85
29067 85
29068 85
29069 85
29070 85
29071 34
29092 8
29102 17
29112 153
29123 9
29145 662
29146 3711
29166 131
29167 434
29168 320
29169 85
29170 85
29171 85
29172 84
29173 85
29174 85
29175 85
29176 85
29177 85
29178 85
29179 85
29180 85
29181 85
29182 85
29183 85
29184 84
29185 85
29186 85
29187 85
29188 85
29189 85
29190 85
29191 85
29192 85
29193 85
29194 85
29195 85
29196 85
29197 84
29198 85
29199 85
29200 85
29201 85
29202 85
29203 85
29204 85
29205 85
29206 85
29207 85
29208 85
29209 84
29210 85
29211 85
29212 85
29213 85
29214 85
29215 85
29216 85
29217 85
29218 85
29219 85
29220 85
29221 84
29222 85
29223 85
29224 85
29225 85
29226 85
29227 85
29228 85
29229 85
29230 85
29231 85
29232 85
29233 84
29234 85
29235 85
29236 85
29237 85
29238 85
29239 85
29240 85
29241 85
29242 85
29243 17
29259 8
29280 3202
29281 85
29282 85
29283 84
29284 85
29285 85
29286 85
29287 85
29288 85
29289 85
29290 85
29291 85
29292 85
29293 85
29294 85
29295 84
29296 85
29297 85
29298 85
29299 85
29300 85
29301 85
29302 85
29303 85
29304 85
29305 85
29306 85
29307 84
29308 85
29309 85
29310 85
29311 85
29312 85
29313 85
29314 8
29331 17
29341 9
29352 263
29362 900
29389 3526
29390 434
29391 390
29392 85
29393 84
29394 85
29395 85
29396 85
29397 85
29398 85
29399 85
29400 8
29420 9
29431 8
29441 3542
29442 84
29443 85
29444 85
29445 85
29446 85
29447 85
29448 85
29449 85
29450 85
29451 85
29452 85
29453 85
29454 84
29455 85
29456 85
29457 85
29458 85
29459 85
29460 85
29461 85
29462 85
29463 85
29464 85
29465 85
29466 85
29467 84
29468 85
29469 85
29470 85
29471 85
29472 85
29473 85
29492 1605
29493 93
29494 85
29495 85
29496 85
29497 85
29498 85
29499 85
29500 85
29501 85
29502 85
29503 84
29504 85
29505 85
29506 85
29507 85
29508 85
29509 85
29510 85
29511 51
29523 8
29534 9
29544 1376
29554 2292
29555 85
29556 85
29557 60
29575 8
29595 2301
29606 9
29616 8
29626 306
29637 9
29660 959
29661 722
29670 102
29671 722
29679 484
29682 1061
29683 365
29687 131
29688 434
29689 173
29703 87
29713 2097
29714 85
29715 85
29716 85
29717 85
29718 85
29719 85
29720 85
29721 85
29722 85
29723 85
29724 84
29725 85
29726 85
29727 85
29728 85
29729 85
29730 85
29731 85
29732 85
29733 85
29734 85
29735 85
29736 84
29737 85
29738 85
29739 85
29740 85
29741 85
29742 85
29743 85
29744 85
29745 85
29746 76
29764 9
29775 42
29785 9
29795 8
29819 331
29820 4042
29840 87
29841 434
29842 355
29843 85
29844 85
29845 85
29846 85
29847 84
29848 85
29849 85
29850 85
29851 85
29852 85
29853 85
29854 85
29855 85
29856 85
29857 85
29858 85
29859 84
29860 85
29861 85
29862 85
29863 85
29864 85
29865 85
29866 85
29867 85
29868 85
29869 85
29870 85
29871 84
29872 85
29873 85
29874 85
29875 85
29876 85
29877 85
29878 85
29879 85
29880 85
29881 85
29882 85
29883 59
29902 1376
29923 2046
29924 85
29925 85
29926 85
29927 85
29928 85
29929 85
29930 85
29931 85
29932 85
29933 84
29934 85
29935 85
29936 85
29937 85
29938 85
29939 85
29940 85
29941 85
29942 85
29943 85
29944 85
29945 84
29946 85
29947 85
29948 85
29949 85
29950 85
29951 85
29952 85
29953 85
29954 85
29955 85
29956 85
29957 84
29958 26
29974 1418
29975 85
29976 85
29977 85
29978 85
29979 85
29980 85
29981 85
29982 84
29983 85
29984 85
29985 85
29986 85
29987 85
29988 85
29989 85
29990 85
29991 85
29992 85
29993 85
29994 84
29995 85
29996 85
29997 85
29998 85
29999 85
30000 85
30001 85
30002 85
30003 85
30004 85
30005 85
30006 84
30007 85
30008 85
30009 85
30010 85
30011 85
30012 85
30013 85
30014 85
30015 85
30016 85
30017 85
30018 85
30019 84
30020 85
30021 85
30022 85
30023 85
30024 85
30025 85
30026 85
30027 85
30028 85
30029 85
30030 85
30031 84
30032 85
30033 85
30034 85
30035 85
30036 85
30037 85
30038 85
30039 85
30040 85
30041 85
30042 42
30057 9
30067 467
30077 8
30088 9
30098 8
30120 679
30121 2293
30141 1410
30151 131
30152 434
30153 319
30154 85
30155 85
30156 85
30157 85
30158 85
30159 85
30160 85
30161 85
30162 85
30163 85
30164 85
30165 85
30166 84
30167 85
30168 85
30169 85
30170 85
30171 85
30172 85
30173 85
30174 85
30175 85
30176 85
30177 85
30178 84
30179 85
30180 85
30181 85
30182 85
30183 85
30184 85
30185 85
30186 85
30187 85
30188 85
30189 85
30190 84
30191 85
30192 85
30193 85
30194 85
30195 85
30196 85
30197 85
30198 85
30199 85
30200 85
30201 85
30202 85
30203 84
30204 85
30205 85
30206 85
30207 85
30208 85
30209 85
30210 85
30211 85
30212 85
30213 85
30214 85
30215 84
30216 85
30217 85
30218 85
30219 85
30220 85
30221 85
30222 85
30223 85
30224 85
30225 85
30226 85
30227 84
30228 85
30229 85
30230 85
30231 85
30232 85
30233 85
30234 85
30235 85
30236 85
30237 85
30238 85
30239 84
30240 85
30241 85
30242 85
30243 85
30244 85
30245 85
30246 85
30247 85
30248 85
30249 85
30250 85
30251 85
30252 84
30253 85
30254 85
30255 85
30256 85
30257 85
30258 85
30259 17
30286 17
30296 3193
30297 85
30298 85
30299 85
30300 85
30301 84
30302 85
30303 85
30304 85
30305 85
30306 85
30307 85
30308 85
30309 85
30310 85
30311 85
30312 85
30313 84
30314 85
30315 85
30316 85
30317 85
30318 85
30319 85
30320 85
30321 85
30322 85
30323 85
30324 85
30325 84
30326 85
30327 85
30328 85
30329 85
30330 85
30331 85
30332 85
30333 85
30334 85
30335 85
30336 85
30337 84
30338 85
30339 85
30340 85
30341 85
30342 85
30343 85
30344 85
30345 85
30346 85
30347 85
30348 85
30349 85
30350 84
30368 1520
30369 94
30370 85
30371 85
30372 85
30373 85
30374 34
30399 2173
30400 9
30420 8
30430 9
30441 3541
30442 85
30443 85
30444 85
30445 85
30446 85
30447 85
30448 84
30449 85
30450 85
30451 85
30452 85
30453 85
30454 85
30455 85
30456 85
30457 85
30458 85
30459 85
30460 84
30461 85
30462 85
30463 85
30464 85
30465 85
30466 85
30467 51
30482 1308
30483 85
30484 85
30485 84
30486 85
30487 85
30488 85
30489 85
30490 85
30491 85
30492 85
30493 85
30494 85
30495 85
30496 68
30513 993
30533 17
30544 9
30554 3778
30580 603
30581 305
30582 434
30583 137
30612 8
30622 1402
30655 2810
30663 153
30664 88
30665 435
30666 354
30667 85
30668 85
30669 84
30670 85
30671 85
30672 85
30673 85
30674 85
30675 85
30676 85
30677 85
30678 85
30679 85
30680 85
30681 50
30707 9
30727 8
30753 434
30754 424
30759 960
30770 2343
30774 283
30775 435
30776 304
30795 34
30815 925
30826 663
30836 8
30846 9
30867 4373
30868 435
30869 424
30870 85
30871 85
30872 85
30873 85
30874 85
30875 85
30876 85
30877 84
30878 85
30879 85
30880 85
30881 85
30882 85
30883 85
30884 85
30885 85
30886 85
30887 85
30888 85
30889 84
30890 85
30891 85
30892 85
30893 85
30894 85
30895 85
30896 85
30897 85
30898 85
30899 85
30900 85
30901 85
30902 84
30903 85
30904 85
30905 85
30906 85
30907 85
30908 85
30909 85
30910 85
30911 85
30912 85
30913 85
30914 84
30915 85
30916 85
30917 85
30918 85
30919 85
30920 85
30921 85
30922 85
30923 85
30924 85
30925 85
30926 84
30927 85
30928 85
30929 85
30930 85
30931 85
30932 85
30933 85
30934 85
30935 85
30936 85
30937 85
30938 85
30939 84
30940 17
30960 383
30971 1630
31012 25
31035 892
31036 1469
31053 212
31055 26
31056 450
31057 543
31063 434
31068 229
31071 93
31072 348
31073 434
31074 145
31075 85
31076 85
31077 85
31078 85
31079 85
31080 85
31081 85
31082 85
31083 85
31084 85
31085 8
31104 1274
31124 8
31134 9
31145 781
31171 9
31172 2997
31173 263
31176 17
31177 272
31180 174
31181 436
31182 318
31183 85
31184 84
31185 85
31186 85
31187 85
31188 85
31189 85
31210 87
31211 435
31212 354
31213 85
31214 85
31215 85
31216 85
31217 85
31218 85
31219 85
31220 85
31221 84
31222 85
31223 85
31224 85
31225 85
31226 85
31227 85
31228 85
31229 85
31230 85
31231 85
31232 85
31233 84
31234 85
31235 85
31236 85
31237 85
31238 85
31239 85
31240 85
31241 68
31262 51
31272 2598
31273 85
31274 85
31275 85
31276 85
31277 85
31278 85
31279 85
31280 85
31281 85
31314 1002
31326 348
31327 435
31328 145
31329 85
31330 85
31331 50
31347 9
31368 8
31378 705
31403 170
31404 892
31414 161
31416 730
31424 9
31425 883
31435 713
31443 111
31444 44
31445 435
31446 389
31447 9
31465 8
31475 9
31486 874
31496 9
31529 1095
31530 892
31540 263
31543 628
31550 17
31551 705
31559 773
31568 305
31569 435
31570 179
31571 85
31572 85
31573 85
31574 85
31575 51
31600 8
31610 9
31620 85
31647 101
31648 442
31653 187
31655 1843
31668 8
31669 1707
31688 44
31689 435
31690 389
31691 85
31692 85
31693 85
31694 17
31730 76
31740 9
31766 3082
31767 527
31773 747
31782 436
31783 424
31784 85
31785 84
31786 85
31787 85
31788 85
31789 85
31790 85
31791 85
31792 85
31793 85
31794 85
31795 85
31796 85
31797 84
31798 85
31799 85
31800 85
31801 85
31802 85
31803 85
31804 85
31805 85
31806 85
31807 85
31808 85
31809 84
31810 85
31811 85
31812 85
31813 85
31814 85
31815 85
31816 85
31817 85
31818 85
31819 76
31834 43
31844 713
31855 2310
31856 85
31857 85
31858 85
31859 84
31860 85
31861 85
31862 85
31863 85
31864 85
31865 85
31866 85
31867 85
31868 85
31869 85
31870 85
31871 84
31872 85
31873 85
31874 85
31875 85
31876 85
31877 85
31878 85
31879 85
31880 85
31881 85
31882 85
31883 84
31884 85
31885 85
31886 85
31887 85
31888 85
31889 85
31890 85
31891 85
31892 85
31893 85
31894 85
31895 84
31896 85
31897 85
31898 85
31899 85
31900 9
31916 8
31927 9
31937 119
31971 4254
31972 174
31973 434
31974 285
31975 85
31976 85
31977 85
31978 85
31979 85
31980 85
31981 84
31982 85
31983 85
31984 85
31985 85
31986 85
31987 85
31988 85
31989 85
31990 85
31991 85
31992 85
31993 84
31994 85
31995 85
31996 85
31997 85
31998 85
31999 85
32000 8
32013 9
32024 8
32044 3380
32071 832
32072 162
32103 44
32113 44
32144 1587
32145 263
32148 297
32151 77
32152 738
32161 2013
32165 88
32166 435
32167 353
32168 43
32196 17
32207 8
32217 9
32240 1087
32241 1104
32248 127
32250 238
32252 93
32253 17
32254 1427
32261 272
32262 436
32263 423
32264 85
32265 85
32266 85
32267 85
32268 85
32269 85
32270 85
32271 85
32272 85
32273 85
32274 85
32275 85
32276 84
32277 85
32278 85
32279 85
32280 85
32281 85
32282 85
32283 85
32284 85
32285 85
32286 85
32287 85
32288 84
32289 85
32290 85
32291 85
32292 85
32293 85
32294 85
32295 85
32296 85
32297 85
32298 85
32299 85
32300 84
32301 85
32302 85
32303 85
32304 85
32305 85
32306 85
32307 85
32308 85
32309 85
32310 85
32311 85
32312 84
32313 85
32314 85
32315 85
32316 85
32317 85
32318 85
32319 85
32320 85
32321 85
32322 85
32323 85
32324 85
32325 84
32326 85
32327 26
32364 1104
32375 195
32411 43
32412 382
32415 1630
32433 2115
32445 348
32446 435
32447 144
32448 85
32449 85
32450 85
32451 85
32452 85
32453 85
32454 85
32455 85
32456 85
32457 85
32458 85
32459 85
32460 84
32461 85
32462 85
32463 85
32464 85
32465 85
32466 85
32467 85
32468 85
32469 85
32470 85
32471 85
32472 84
32473 85
32474 85
32475 85
32476 85
32477 85
32478 85
32479 85
32480 85
32481 85
32482 85
32483 85
32484 84
32485 85
32486 85
32487 85
32488 85
32507 807
32528 1155
32538 17
32549 441
32559 382
32569 68
32594 2302
32595 76
32596 85
32597 102
32598 1809
32615 44
32616 435
32617 389
32618 85
32619 84
32620 85
32621 85
32622 85
32623 85
32624 85
32625 85
32657 2063
32667 1504
32668 84
32669 85
32670 85
32671 85
32672 85
32673 85
32674 85
32675 85
32676 85
32677 85
32678 85
32679 85
32680 84
32681 85
32682 85
32683 85
32684 85
32685 85
32686 85
32687 85
32688 85
32689 85
32690 85
32691 85
32692 85
32693 84
32694 85
32695 85
32696 85
32697 85
32698 85
32699 85
32700 8
32749 1300
32764 1095
32769 44
32770 435
32771 381
32790 8
32800 9
32811 348
32843 2174
32844 1341
32860 510
32865 348
32866 435
32867 144
32868 85
32869 85
32870 85
32871 85
32872 85
32873 85
32874 85
32875 85
32876 85
32877 84
32878 85
32879 85
32880 85
32881 85
32882 85
32883 85
32884 85
32885 85
32886 85
32887 85
32888 85
32889 84
32890 85
32891 85
32892 85
32893 85
32894 85
32895 85
32896 85
32897 85
32898 85
32899 85
32900 85
32901 84
32902 85
32903 85
32904 85
32905 17
32916 1002
32917 85
32918 85
32919 85
32920 85
32921 85
32922 85
32923 85
32924 85
32925 85
32926 84
32927 85
32928 85
32929 85
32930 85
32931 85
32932 85
32933 85
32934 85
32935 85
32936 85
32937 85
32938 84
32939 85
32940 85
32941 85
32942 85
32943 85
32944 85
32945 85
32946 85
32947 85
32948 85
32949 85
32950 84
32951 85
32952 85
32953 85
32954 85
32955 85
32956 85
32957 85
32958 85
32959 85
32960 85
32961 85
32962 85
32963 84
32964 85
32965 85
32966 85
32967 85
32968 85
32969 85
32970 85
32971 85
32972 85
32973 85
32974 85
32975 84
32976 85
32977 85
32978 85
32979 85
32980 85
32981 85
32982 85
32983 85
32984 85
32985 85
32986 85
32987 84
32988 85
32989 85
32990 85
32991 85
32992 68
33009 9
33019 8
33064 3558
33065 798
33074 261
33075 435
33076 214
33077 85
33078 85
33079 85
33080 85
33081 85
33082 85
33083 85
33084 85
33085 84
33086 85
33087 85
33088 85
33089 85
33090 85
33091 85
33092 85
33093 85
33094 85
33095 85
33096 8
33116 340
33126 8
33137 9
33171 3515
33172 850
33181 44
33182 435
33183 388
33184 85
33185 85
33186 85
33187 85
33188 85
33189 85
33190 85
33191 85
33192 85
33193 85
33194 85
33195 85
33196 84
33197 85
33198 85
33199 85
33200 9
33264 1121
33277 1528
33285 1315
33286 435
33287 213
33288 85
33289 85
33290 85
33291 85
33292 85
33293 85
33294 84
33295 85
33296 85
33297 85
33298 85
33299 85
33300 85
33301 85
33302 85
33303 85
33304 85
33305 85
33306 84
33307 85
33308 85
33309 85
33310 85
33311 85
33312 85
33313 85
33314 85
33315 85
33316 85
33317 85
33318 84
33319 85
33320 85
33321 85
33322 85
33323 85
33324 85
33325 85
33326 85
33327 85
33328 85
33329 85
33330 85
33331 84
33332 85
33333 85
33334 85
33335 85
33336 85
33337 85
33338 85
33339 85
33340 85
33341 85
33342 85
33343 84
33344 60
33378 170
33416 3379
33418 807
33428 305
33429 434
33430 179
33431 51
33449 9
33460 8
33470 875
33503 892
33504 628
33511 263
33514 892
33524 8
33525 816
33534 174
33535 435
33536 285
33537 85
33538 85
33539 42
33556 170
33566 518
33587 8
33597 4272
33598 85
33599 25
33620 393
33621 435
33622 108
33623 85
33624 85
33625 84
33626 85
33627 85
33628 85
33629 85
33630 85
33651 85
33661 2548
33662 84
33663 85
33664 85
33665 85
33666 85
33667 85
33668 85
33669 85
33670 85
33671 85
33672 85
33673 85
33674 84
33675 85
33676 85
33677 85
33678 85
33679 85
33680 85
33681 85
33682 85
33683 85
33684 85
33685 85
33686 84
33687 85
33688 85
33689 85
33690 85
33691 85
33692 85
33693 85
33694 85
33695 85
33696 85
33697 85
33698 85
33699 84
33700 85
33701 85
33702 85
33703 85
33704 85
33705 85
33706 85
33707 85
33708 85
33709 85
33710 85
33711 84
33712 85
33713 85
33714 85
33715 85
33716 85
33717 85
33718 85
33719 85
33720 85
33721 85
33722 85
33723 84
33724 85
33725 85
33726 85
33727 85
33728 85
33729 85
33730 85
33731 85
33732 85
33733 85
33734 85
33735 84
33736 85
33737 85
33738 85
33739 85
33740 85
33741 85
33742 85
33743 85
33744 85
33745 85
33746 85
33747 85
33748 84
33749 85
33750 85
33751 85
33752 85
33753 85
33754 85
33755 85
33756 85
33757 85
33758 85
33759 85
33760 84
33761 85
33762 85
33763 85
33764 85
33765 85
33766 85
33767 85
33768 85
33769 85
33770 85
33771 85
33772 84
33773 85
33774 85
33775 85
33776 85
33777 85
33778 85
33779 85
33780 85
33781 85
33782 85
33783 85
33784 84
33785 85
33786 85
33787 85
33788 85
33789 85
33790 85
33791 85
33792 85
33793 85
33794 85
33795 85
33796 85
33797 84
33798 43
33815 76
33826 60
33836 8
33846 9
33871 874
33872 892
33883 2454
33893 371
33894 436
33895 247
33896 85
33897 85
33898 85
33899 85
33900 85
33901 85
33902 85
33903 85
33904 85
33905 85
33906 85
33907 84
33908 26
33924 1418
33925 85
33926 85
33927 85
33928 85
33929 85
33930 85
33931 85
33932 84
33933 9
33955 34
33975 8
34004 68
34005 866
34006 1325
34021 17
34022 535
34026 1231
34037 264
34040 182
34041 435
34042 318
34043 85
34044 85
34045 85
34046 85
34047 85
34048 85
34049 85
34050 85
34051 17
34082 900
34093 8
34103 9
34133 917
34134 883
34137 204
34139 2361
34155 435
34156 424
34157 85
34158 85
34159 85
34160 85
34161 85
34162 25
34175 680
34196 670
34206 442
34216 9
34227 1341
34255 2845
34256 195
34258 304
34259 435
34260 180
34261 85
34262 85
34263 84
34264 85
34265 85
34266 85
34267 85
34268 85
34269 85
34270 85
34271 85
34272 85
34273 85
34274 85
34275 84
34276 85
34277 85
34278 85
34279 85
34280 9
34297 781
34328 391
34338 195
34365 4178
34366 348
34367 435
34368 144
34369 85
34370 85
34371 85
34372 85
34373 84
34374 85
34375 85
34376 85
34377 85
34378 85
34379 85
34380 85
34381 85
34382 85
34383 85
34384 85
34385 84
34386 85
34387 85
34388 85
34389 85
34390 85
34391 85
34392 85
34393 85
34394 85
34395 85
34396 85
34397 85
34398 84
34399 85
34400 85
34401 85
34402 85
34403 85
34404 85
34405 85
34406 85
34407 85
34408 85
34409 85
34410 84
34411 85
34412 85
34413 85
34414 85
34415 85
34416 76
34428 17
34438 306
34458 9
34469 1740
34492 1818
34493 823
34502 44
34503 434
34504 304
34545 44
34555 33
34576 875
34577 85
34578 611
34585 196
34587 891
34597 9
34598 883
34608 815
34617 131
34618 434
34619 319
34620 26
34648 8
34659 9
34691 1809
34692 2225
34693 322
34696 44
34697 434
34698 390
34699 85
34700 8
34713 9
34744 8
34771 1648
34772 1087
34785 891
34795 731
34804 348
34805 435
34806 144
34807 85
34808 85
34809 85
34810 85
34811 85
34812 85
34813 85
34814 85
34815 84
34816 85
34817 85
34818 85
34819 85
34820 85
34821 85
34822 85
34823 85
34824 85
34825 85
34826 85
34827 84
34828 85
34829 85
34830 85
34831 85
34832 77
34867 8
34877 1053
34904 425
34905 789
34914 2098
34926 435
34927 424
34928 85
34929 85
34930 85
34931 85
34932 85
34933 85
34934 85
34935 85
34936 85
34937 84
34938 85
34939 85
34940 85
34941 85
34942 85
34943 85
34944 85
34945 85
34946 85
34947 85
34948 85
34949 85
34950 84
34951 85
34952 85
34953 85
34954 85
34955 85
34956 85
34957 85
34958 85
34959 85
34960 85
34961 85
34962 84
34963 77
34977 1197
34978 85
34979 68
34998 17
35008 1707
35029 8
35039 9
35049 875
35071 8
35072 883
35077 892
35087 8
35088 884
35093 832
35103 348
35104 435
35105 144
35106 85
35107 85
35108 85
35109 84
35110 85
35111 85
35112 85
35113 85
35114 85
35115 85
35116 85
35117 85
35118 85
35119 85
35120 85
35121 84
35122 85
35123 85
35124 85
35125 85
35126 85
35127 85
35128 85
35129 85
35130 85
35131 85
35132 85
35133 85
35134 84
35135 85
35136 85
35137 85
35138 34
35166 1376
35176 8
35196 3261
35226 1113
35227 435
35228 425
35229 85
35230 85
35231 85
35232 84
35233 85
35234 85
35235 85
35236 85
35237 85
35238 85
35239 85
35240 85
35241 85
35242 85
35243 85
35244 84
35245 85
35246 85
35247 85
35248 85
35249 85
35250 85
35251 85
35252 85
35253 85
35254 85
35255 85
35256 84
35257 85
35258 85
35259 85
35260 85
35261 85
35262 85
35263 85
35264 85
35265 85
35266 85
35267 85
35268 17
35288 8
35299 2692
35300 85
35301 85
35302 85
35303 85
35304 85
35305 84
35306 85
35307 85
35308 85
35309 85
35310 85
35311 85
35312 85
35313 85
35314 85
35315 85
35316 85
35317 85
35318 84
35319 85
35320 85
35321 85
35322 85
35323 85
35324 85
35325 85
35326 85
35327 85
35328 85
35329 85
35330 84
35331 85
35332 85
35333 85
35334 85
35335 85
35336 85
35337 85
35338 85
35339 85
35340 85
35341 85
35342 84
35343 85
35344 85
35345 85
35346 85
35347 85
35348 85
35349 85
35350 85
35351 85
35352 85
35353 85
35354 85
35355 84
35356 85
35357 85
35358 85
35359 85
35360 85
35361 85
35362 85
35363 85
35364 85
35365 85
35366 85
35367 84
35368 85
35369 85
35370 85
35371 85
35372 85
35373 85
35374 85
35375 85
35376 85
35377 85
35378 85
35379 84
35380 85
35381 85
35382 85
35383 85
35384 85
35385 85
35386 85
35387 85
35388 85
35389 85
35390 85
35391 84
35392 85
35393 85
35394 85
35395 85
35396 85
35397 85
35398 85
35399 85
35400 85
35401 85
35402 85
35403 85
35404 84
35405 9
35422 8
35433 9
35443 875
35453 8
35463 9
35487 441
35488 340
35492 93
35493 892
35503 891
35509 892
35519 832
35529 435
35530 424
35531 85
35532 85
35533 85
35534 85
35535 85
35536 85
35537 85
35538 85
35539 84
35540 85
35541 85
35542 85
35543 85
35544 85
35545 85
35546 85
35547 85
35548 85
35549 85
35550 85
35551 84
35552 85
35553 85
35554 85
35555 85
35556 85
35557 85
35558 8
35570 9
35580 17
35590 314
35601 289
35611 8
35637 2930
35638 1452
35654 44
35655 434
35656 217
35697 2007
35727 26
35728 2454
35736 262
35737 435
35738 213
35739 85
35740 85
35741 85
35742 85
35743 85
35744 85
35745 85
35746 85
35747 84
35748 85
35749 85
35750 85
35751 85
35752 85
35753 85
35754 85
35755 85
35756 85
35757 85
35758 85
35759 84
35760 85
35761 85
35762 85
35763 85
35764 85
35765 85
35766 85
35767 85
35768 85
35769 85
35770 85
35771 85
35772 84
35773 85
35774 85
35775 85
35776 85
35777 85
35778 85
35779 85
35780 85
35781 51
35800 8
35811 9
35821 2182
35831 51
35841 1758
35879 951
35880 399
35885 493
35890 8
35891 773
35900 391
35901 434
35902 111
35921 8
35942 9
35952 628
35974 714
35975 93
35976 2938
35996 305
35997 434
35998 155
36016 59
36037 2437
36047 9
36058 1622
36078 8
36099 2675
36119 1044
36120 690
36126 174
36127 434
36128 284
36129 85
36130 85
36131 85
36132 85
36133 77
36151 25
36161 2361
36162 85
36163 85
36164 84
36165 85
36166 85
36167 85
36168 85
36169 85
36170 9
36182 8
36192 943
36213 501
36223 203
36233 128
36262 4254
36278 435
36279 424
36280 85
36281 76
36299 799
36309 8
36320 9
36330 3354
36331 85
36332 85
36333 85
36334 85
36335 85
36336 84
36337 85
36338 85
36339 85
36340 85
36341 85
36342 85
36343 85
36344 85
36345 85
36346 85
36347 85
36348 84
36349 85
36350 85
36351 85
36352 85
36353 85
36354 85
36355 85
36356 85
36357 85
36358 85
36359 85
36360 84
36361 85
36362 85
36363 85
36364 85
36365 85
36366 85
36367 51
36381 603
36392 1554
36393 85
36394 85
36395 85
36396 85
36397 84
36398 85
36399 85
36400 85
36401 85
36402 85
36403 85
36404 85
36405 85
36406 85
36407 85
36408 85
36423 34
36443 25
36454 408
36481 789
36482 1682
36490 161
36492 170
36494 1163
36502 87
36503 435
36504 355
36505 85
36506 85
36507 85
36508 84
36509 85
36510 85
36511 85
36512 85
36513 85
36514 85
36515 85
36516 85
36517 85
36518 85
36519 85
36520 84
36521 85
36522 85
36523 85
36524 85
36525 85
36526 85
36527 85
36528 85
36529 85
36530 85
36531 85
36532 84
36533 85
36534 85
36535 85
36536 85
36537 85
36538 85
36539 85
36540 85
36541 85
36542 85
36543 85
36544 84
36545 85
36546 85
36547 85
36548 85
36549 85
36550 85
36551 85
36552 85
36553 85
36554 85
36555 85
36556 85
36557 84
36558 85
36559 85
36560 85
36561 85
36562 85
36563 85
36564 85
36565 85
36566 85
36567 85
36568 85
36569 84
36570 17
36585 1342
36586 85
36587 85
36588 85
36589 85
36590 85
36591 85
36592 85
36593 84
36594 85
36595 85
36596 85
36597 85
36598 17
36626 34
36636 127
36670 739
36671 85
36672 467
36677 1189
36691 60
36692 76
36693 756
36701 8
36702 858
36711 174
36712 435
36713 285
36714 85
36715 85
36716 84
36717 85
36718 85
36719 85
36720 85
36721 85
36722 85
36723 85
36724 85
36725 85
36726 85
36727 85
36728 84
36729 85
36730 85
36731 85
36732 85
36733 85
36734 85
36735 85
36736 85
36737 85
36738 85
36739 85
36740 85
36741 84
36742 85
36743 85
36744 85
36745 85
36746 85
36747 85
36748 85
36749 85
36750 85
36751 85
36752 85
36753 84
36754 85
36755 85
36756 85
36757 85
36758 85
36759 85
36760 85
36761 85
36762 85
36763 85
36764 85
36765 84
36766 85
36767 85
36768 85
36769 85
36770 85
36771 34
36783 306
36804 34
36814 136
36824 2853
36848 272
36849 619
36856 637
36864 391
36865 434
36866 111
36867 85
36868 85
36869 85
36870 85
36871 85
36872 85
36873 51
36895 8
36916 9
36945 883
36946 883
36956 892
36966 237
36969 1308
36984 153
36986 174
36987 435
36988 284
36989 85
36990 85
36991 85
36992 85
36993 85
36994 85
36995 85
36996 85
36997 85
36998 84
36999 85
37000 9
37017 8
37027 9
37038 1605
37048 399
37058 8
37069 1172
37095 365
37096 1240
37107 272
37110 620
37117 722
37125 87
37148 1307
37158 9
37168 8
37179 875
37205 17
37206 3499
37227 218
37228 217
37258 43
37279 44
37301 1101
37321 2387
37324 203
37326 688
37334 204
37336 51
37337 262
37338 436
37339 213
37340 85
37341 85
37342 84
37343 85
37344 85
37345 85
37346 85
37347 85
37348 85
37349 85
37350 85
37351 85
37352 85
37353 85
37354 84
37355 85
37356 85
37357 85
37358 85
37359 85
37360 85
37361 34
37389 705
37410 17
37420 1036
37441 136
37442 3201
37463 435
37464 424
37465 85
37466 85
37467 85
37468 85
37469 85
37470 85
37471 85
37472 85
37473 85
37474 85
37475 85
37476 85
37477 84
37478 85
37479 85
37480 85
37481 85
37482 85
37483 85
37484 85
37485 85
37486 85
37487 85
37488 85
37489 84
37490 85
37491 60
37524 1087
37563 968
37574 603
37581 68
37582 883
37584 747
37590 392
37591 435
37592 109
37593 85
37594 85
37595 85
37596 85
37597 85
37598 85
37599 84
37600 51
37615 17
37625 1028
37636 501
37656 8
37690 714
37691 3337
37707 314
37711 174
37712 435
37713 284
37714 85
37715 85
37716 85
37717 85
37718 85
37719 85
37720 85
37721 8
37732 9
37743 8
37753 875
37764 8
37774 9
37803 611
37804 263
37806 17
37807 875
37817 909
37825 1707
37834 88
37835 435
37836 353
37837 85
37838 85
37839 85
37840 85
37841 85
37842 85
37843 85
37844 85
37845 84
37846 85
37847 85
37848 85
37849 85
37850 85
37851 85
37852 85
37853 25
37866 9
37876 8
37924 697
37925 144
37926 59
37927 425
37932 263
37935 2769
37946 261
37947 435
37948 214
37949 85
37950 85
37951 85
37952 85
37953 85
37954 85
37955 84
37956 85
37957 85
37958 85
37959 85
37960 85
37961 85
37962 85
37963 85
37964 85
37965 85
37966 85
37967 84
37968 85
37969 85
37970 85
37971 85
37972 85
37973 85
37974 68
37987 425
38008 8
38051 934
38062 178
38064 714
38072 17
38073 1002
38084 1511
38092 87
38093 435
38094 354
38095 85
38096 68
38144 8
38168 4348
38169 435
38170 424
38171 85
38172 85
38173 85
38174 85
38175 85
38176 84
38177 77
38198 131
38199 434
38200 43
38219 44
38229 43
38239 3493
38240 93
38241 85
38242 85
38243 85
38244 85
38245 85
38246 85
38247 85
38248 85
38249 84
38250 85
38251 85
38252 85
38253 85
38254 85
38255 85
38256 85
38257 85
38258 85
38259 85
38260 85
38261 85
38262 84
38263 85
38264 85
38265 85
38266 85
38267 85
38268 85
38269 85
38270 85
38271 85
38272 85
38273 85
38274 84
38275 85
38276 85
38277 85
38278 85
38279 85
38280 85
38281 85
38282 85
38283 85
38284 85
38285 85
38286 84
38287 85
38288 85
38289 85
38290 85
38291 85
38292 85
38293 85
38294 85
38295 85
38296 85
38297 85
38298 85
38299 67
38312 26
38332 8
38342 9
38371 552
38372 1783
38413 2030
38416 304
38417 434
38418 181
38419 85
38420 85
38421 84
38422 34
38434 884
38454 8
38464 9
38475 3651
38476 85
38477 85
38478 85
38479 85
38480 85
38481 85
38482 85
38483 84
38484 51
38505 261
38506 130
38526 44
38546 43
38556 1180
38578 900
38579 883
38589 85
38599 1630
38609 305
38610 434
38611 121
38630 8
38651 9
38661 874
38683 900
38684 883
38694 892
38704 824
38714 348
38715 434
38716 86
38735 8
38746 9
38756 637
38788 2021
38802 892
38809 687
38817 136
38819 305
38820 434
38821 120
38840 9
38851 8
38871 527
38893 365
38894 442
38899 433
38904 891
38914 748
38923 144
38925 824
38934 174
38935 435
38936 268
38975 8
39008 892
39009 883
39019 891
39029 892
39040 790
39049 261
39050 435
39051 214
39052 85
39053 85
39054 85
39055 85
39056 85
39057 85
39058 85
39059 84
39060 85
39061 85
39062 85
39063 85
39064 85
39065 85
39066 85
39067 85
39068 85
39069 85
39070 85
39071 84
39072 85
39073 85
39074 85
39075 85
39076 85
39077 85
39078 85
39079 85
39080 85
39081 85
39082 85
39083 85
39084 84
39085 85
39086 85
39087 85
39088 85
39089 77
39111 246
39121 1019
39132 8
39142 9
39152 467
39176 136
39177 1180
39178 43
39198 2825
39199 434
39200 215
39201 85
39202 85
39203 85
39204 85
39205 85
39206 84
39207 85
39208 85
39209 85
39210 85
39211 85
39212 85
39213 85
39214 85
39215 85
39216 85
39217 85
39229 1019
39230 85
39231 84
39232 85
39233 85
39234 85
39235 85
39236 85
39237 85
39238 85
39239 85
39240 85
39241 85
39242 85
39243 84
39244 77
39260 144
39270 9
39280 603
39318 654
39319 1443
39320 1673
39339 174
39340 434
39341 174
39360 43
39391 35
39412 305
39413 348
39414 179
39416 934
39427 161
39428 1622
39434 467
39440 340
39443 44
39444 435
39445 389
39446 85
39447 85
39448 85
39449 85
39450 85
39451 85
39452 84
39453 85
39454 85
39455 85
39456 85
39457 85
39458 85
39459 85
39460 85
39461 85
39462 85
39463 85
39464 84
39465 85
39466 85
39467 85
39468 85
39469 85
39470 85
39471 85
39472 85
39473 85
39474 85
39475 85
39476 84
39477 85
39478 85
39479 85
39480 85
39481 85
39482 85
39483 85
39484 85
39485 85
39486 85
39487 85
39488 84
39489 85
39490 43
39506 110
39537 2386
39563 892
39564 679
39572 213
39574 195
39576 87
39577 434
39578 355
39579 85
39580 85
39581 85
39582 76
39598 9
39608 8
39618 255
39629 620
39657 892
39658 484
39664 407
39669 892
39679 892
39689 195
39692 435
39693 425
39694 85
39695 85
39696 85
39697 84
39698 34
39723 9
39769 883
39770 892
39781 891
39791 892
39801 17
39802 773
39811 391
39812 435
39813 110
39814 85
39815 85
39816 85
39817 85
39818 85
39819 85
39820 84
39821 85
39822 85
39823 85
39824 34
39842 9
39862 8
39873 2183
39896 2234
39897 435
39898 389
39899 85
39900 85
39901 85
39902 85
39903 85
39904 85
39905 84
39906 85
39907 85
39908 34
39927 9
39948 8
39958 671
39980 212
39981 731
39989 153
39991 755
40000 136
40001 892
40012 824
40021 131
40022 434
40023 311
40052 9
40062 8
40073 875
40095 892
40096 891
40106 9
40107 883
40117 535
40123 289
40126 87
40127 435
40128 354
40129 85
40130 85
40131 85
40132 85
40133 85
40134 85
40135 85
40136 85
40137 85
40138 85
40139 84
40140 85
40141 85
40142 85
40143 85
40144 85
40145 85
40146 85
40147 85
40148 85
40149 85
40150 85
40151 84
40152 85
40153 85
40154 85
40155 85
40156 85
40157 85
40158 85
40159 85
40160 34
40179 8
40189 9
40199 68
40232 3286
40233 195
40235 824
40245 435
40246 425
40247 85
40248 85
40249 84
40250 85
40251 85
40252 85
40253 85
40254 77
40276 8
40287 9
40326 433
40327 535
40328 2063
40348 909
40352 416
40357 174
40358 434
40359 285
40360 60
40379 8
40389 1461
40410 1877
40449 153
40450 891
40460 17
40461 229
40463 646
40471 297
40474 263
40477 131
40478 434
40479 320
40480 85
40481 85
40482 76
40522 8
40532 9
40554 875
40555 569
40561 8
40562 883
40572 892
40576 891
40586 85
40587 153
40589 391
40590 434
40591 111
40592 84
40593 85
40594 51
40610 9
40631 8
40666 459
40667 416
40671 8
40672 884
40682 1961
40687 629
40695 391
40696 435
40697 110
40698 85
40699 85
40700 85
40701 59
40718 9
40728 8
40773 858
40774 645
40781 255
40784 1843
40794 679
40799 76
40800 131
40801 434
40802 319
40803 85
40804 85
40805 85
40806 60
40825 8
40836 9
40856 67
40878 1206
40879 518
40885 2166
40900 807
40901 434
40902 111
40903 85
40904 85
40905 85
40906 85
40907 85
40908 85
40909 85
40910 51
40930 8
40941 9
40951 526
40961 17
40988 4365
40989 261
40990 434
40991 215
40992 85
40993 85
40994 85
40995 85
40996 85
40997 84
40998 85
40999 85
41000 85
41001 85
41002 85
41003 85
41004 85
41005 8
41020 9
41030 8
41040 875
41051 9
41061 8
41087 1766
41088 77
41109 8
41119 3009
41120 398
41121 85
41122 85
41123 85
41124 85
41125 85
41126 85
41127 85
41128 85
41129 85
41160 739
41171 2156
41181 595
41212 849
41222 909
41252 3014
41253 459
41258 131
41259 434
41260 320
41261 85
41262 85
41263 85
41264 85
41265 85
41266 85
41267 8
41284 1520
41285 85
41286 85
41287 85
41288 85
41289 85
41290 85
41291 85
41292 33
41305 9
41315 1996
41316 84
41317 85
41318 85
41319 85
41320 85
41321 85
41322 85
41323 85
41324 85
41325 85
41326 85
41327 85
41328 84
41329 85
41330 85
41331 85
41332 85
41333 85
41334 85
41335 85
41336 85
41337 85
41338 85
41339 85
41340 85
41341 84
41342 85
41343 77
41364 131
41365 434
41366 319
41367 85
41368 85
41369 85
41370 85
41371 85
41372 85
41373 85
41374 85
41375 85
41376 85
41377 84
41378 85
41379 85
41380 85
41381 85
41382 85
41383 85
41384 85
41385 85
41386 85
41387 85
41388 85
41389 85
41390 84
41391 85
41392 85
41393 85
41394 85
41395 85
41396 85
41397 85
41398 85
41399 85
41400 8
41416 9
41426 8
41471 331
41472 4243
41473 435
41474 249
41475 85
41476 42
41497 305
41498 436
41499 178
41500 84
41501 85
41502 85
41503 85
41504 85
41505 85
41506 85
41507 85
41508 85
41509 8
41528 9
41548 8
41559 875
41580 17
41581 2658
41592 824
41601 131
41602 434
41603 320
41604 85
41605 85
41606 85
41607 85
41608 85
41609 85
41610 85
41611 84
41612 85
41613 85
41614 26
41633 874
41653 9
41664 8
41674 875
41696 1860
41697 1647
41716 218
41717 435
41718 249
41719 85
41720 85
41721 84
41722 85
41723 85
41724 85
41725 85
41726 85
41727 85
41728 85
41729 85
41730 85
41731 85
41732 85
41733 84
41734 85
41735 85
41736 85
41737 85
41738 85
41739 85
41740 85
41741 85
41742 85
41743 85
41744 85
41745 84
41746 85
41747 85
41748 85
41749 85
41750 85
41751 85
41752 85
41753 85
41754 85
41755 85
41756 85
41757 85
41758 84
41759 85
41760 85
41761 85
41762 85
41763 85
41764 85
41765 85
41766 85
41767 85
41768 85
41769 85
41770 84
41771 85
41772 85
41773 85
41774 85
41775 85
41776 85
41777 85
41778 34
41789 620
41799 339
41810 9
41820 238
41830 8
41864 1783
41865 884
41875 339
41879 544
41885 25
41886 459
41891 51
41892 288
41895 261
41896 434
41897 181
41916 9
41927 8
41947 195
41969 680
41970 246
41973 875
41983 891
41990 9
41991 883
42001 594
42008 305
42009 434
42010 180
42011 85
42012 85
42013 85
42014 85
42015 84
42016 85
42017 85
42018 85
42019 85
42020 85
42021 85
42022 85
42023 85
42024 85
42025 85
42026 85
42027 85
42028 84
42029 85
42030 85
42031 85
42032 85
42033 85
42034 85
42035 85
42036 85
42037 85
42038 85
42039 85
42040 84
42041 85
42042 85
42043 85
42044 85
42045 85
42046 85
42047 85
42048 85
42049 85
42050 85
42051 85
42052 84
42053 85
42054 85
42055 85
42056 85
42057 85
42058 85
42059 85
42060 85
42061 85
42062 85
42063 85
42064 84
42065 85
42066 85
42067 85
42068 85
42069 43
42081 17
42091 1893
42092 85
42093 85
42094 85
42095 85
42096 85
42097 85
42098 59
42112 9
42122 280
42132 17
42153 8
42173 1274
42174 3187
42175 435
42176 354
42177 85
42178 85
42179 85
42180 85
42181 85
42182 85
42183 85
42184 85
42185 85
42186 85
42187 84
42188 85
42189 85
42190 85
42191 85
42192 85
42193 85
42194 85
42195 85
42196 85
42197 17
42215 8
42236 3371
42237 85
42238 85
42239 85
42240 85
42241 85
42242 85
42243 85
42244 85
42245 85
42246 85
42247 85
42248 84
42249 9
42267 1605
42268 25
42298 85
42308 17
42340 94
42341 3447
42362 807
42371 131
42372 434
42373 320
42374 34
42393 9
42403 8
42413 875
42424 8
42456 196
42457 1053
42458 25
42459 450
42464 2293
42478 705
42479 434
42480 146
42481 84
42482 85
42483 85
42484 85
42485 85
42486 85
42487 85
42488 85
42489 85
42490 85
42491 85
42492 85
42493 85
42494 84
42495 85
42496 85
42497 85
42498 85
42499 85
42500 9
42519 8
42529 9
42539 560
42550 110
42578 221
42579 2318
42600 111
42601 1622
42620 392
42621 435
42622 109
42623 85
42624 85
42625 85
42626 34
42640 8
42661 9
42697 874
42698 892
42709 484
42714 17
42715 391
42719 153
42721 738
42729 9
42730 798
42739 261
42740 434
42741 215
42742 85
42743 85
42744 85
42745 68
42760 178
42770 1130
42811 8
42832 1478
42833 1206
42835 1681
42854 305
42855 435
42856 179
42857 85
42858 85
42859 85
42860 85
42861 85
42862 84
42863 85
42864 68
42895 9
42905 662
42936 2267
42957 9
42958 1427
42974 131
42975 434
42976 320
42977 85
42978 85
42979 85
42980 85
42981 85
42982 85
42983 85
42984 84
42985 85
42986 85
42987 85
42988 85
42989 85
42990 85
42991 85
42992 85
42993 85
42994 85
42995 85
42996 85
42997 84
42998 85
42999 85
43000 85
43001 85
43002 85
43003 85
43004 85
43005 85
43006 85
43007 85
43008 85
43009 84
43010 85
43011 85
43012 85
43013 85
43014 85
43015 85
43016 85
43017 85
43018 85
43019 85
43020 85
43021 84
43022 85
43023 85
43024 85
43025 85
43026 85
43027 85
43028 85
43029 85
43030 85
43031 85
43032 85
43033 84
43034 85
43035 85
43036 85
43037 85
43038 85
43039 85
43040 85
43041 85
43042 85
43043 85
43044 85
43045 85
43046 84
43047 85
43048 85
43049 85
43050 85
43051 85
43052 85
43053 85
43054 85
43055 85
43056 85
43057 85
43058 84
43059 85
43060 85
43061 85
43062 85
43063 85
43064 85
43065 85
43066 85
43067 85
43068 85
43069 85
43070 84
43071 85
43072 85
43073 85
43074 85
43075 85
43076 85
43077 85
43078 85
43079 85
43080 85
43081 85
43082 85
43083 84
43084 85
43085 26
43109 1257
43130 8
43140 9
43150 874
43171 17
43172 2446
43180 212
43183 450
43188 263
43191 119
43192 87
43193 435
43194 261
43214 44
43234 32
43245 2658
43266 289
43267 1427
43283 87
43284 435
43285 354
43286 85
43287 85
43288 85
43289 85
43290 85
43291 84
43292 85
43293 85
43294 85
43295 85
43296 85
43297 85
43298 85
43299 51
43315 8
43370 9
43371 2216
43378 2123
43392 218
43393 434
43394 250
43395 85
43396 85
43397 85
43398 85
43399 85
43400 85
43401 84
43402 85
43403 85
43404 85
43405 85
43406 85
43407 85
43408 85
43409 85
43410 85
43411 85
43412 85
43413 85
43414 84
43415 85
43416 85
43417 85
43418 85
43419 85
43420 85
43421 85
43422 85
43423 85
43424 85
43425 85
43426 84
43427 85
43428 85
43429 85
43430 85
43431 68
43454 9
43464 1248
43503 1783
43504 892
43520 920
43521 398
43522 85
43523 85
43524 84
43525 85
43526 85
43527 85
43528 85
43529 85
43530 85
43531 85
43532 85
43533 85
43534 85
43535 85
43536 84
43537 85
43538 85
43539 85
43540 85
43541 85
43542 85
43543 85
43544 85
43545 85
43546 8
43586 1769
43587 434
43588 355
43589 85
43590 85
43591 85
43592 85
43593 85
43594 85
43595 85
43596 85
43597 85
43598 84
43599 68
43617 1546
43618 85
43619 85
43620 85
43621 85
43622 84
43623 85
43624 85
43625 85
43626 85
43627 85
43628 85
43629 85
43630 85
43631 85
43632 85
43633 85
43634 85
43635 84
43636 85
43637 85
43638 85
43639 85
43640 85
43641 85
43642 85
43643 25
43669 1147
43714 34
43715 543
43721 365
43725 527
43731 68
43732 339
43736 1639
43737 434
43738 180
43739 85
43740 85
43741 85
43742 8
43756 9
43767 8
43813 629
43814 1138
43824 8
43825 883
43835 892
43845 781
43854 26
43855 304
43856 435
43857 179
43858 85
43859 85
43860 85
43861 85
43862 85
43863 25
43886 722
43896 17
43917 416
43943 306
43944 348
43948 1877
43965 170
43967 161
43969 892
43979 212
43981 44
43982 435
43983 389
43984 85
43985 85
43986 85
43987 85
43988 85
43989 85
43990 84
43991 85
43992 85
43993 85
43994 85
43995 85
43996 85
43997 85
43998 85
43999 85
44000 8
44024 9
44071 119
44072 246
44075 518
44081 246
44084 943
44093 891
44103 892
44113 493
44118 87
44119 435
44120 354
44121 85
44122 85
44123 85
44124 85
44125 84
44126 85
44127 85
44128 85
44129 85
44130 85
44131 85
44132 85
44133 85
44134 85
44135 85
44136 85
44137 84
44138 85
44139 9
44154 25
44174 2862
44195 221
44205 8
44216 909
44247 1155
44248 450
44253 442
44258 891
44268 9
44269 518
44275 392
44276 434
44277 110
44278 34
44289 484
44299 9
44320 8
44355 365
44356 748
44359 229
44362 424
44367 1860
44377 1000
44378 436
44379 214
44380 85
44381 85
44382 85
44383 84
44384 77
44418 221
44428 8
44439 9
44459 2029
44460 111
44461 51
44462 212
44464 1978
44480 44
44481 435
44482 388
44483 85
44484 85
44485 85
44486 85
44487 85
44488 85
44489 85
44490 85
44491 85
44492 85
44493 84
44494 85
44495 85
44496 85
44497 85
44498 85
44499 85
44500 25
44511 408
44522 1520
44523 85
44524 85
44525 85
44526 85
44527 85
44528 85
44529 85
44530 84
44531 85
44532 85
44533 85
44534 85
44535 43
44553 42
44663 26
44673 25
44684 17
44710 93
44711 1486
44737 344
44738 218
44739 218
44740 218
44741 218
44742 1754
44753 17
44754 782
44757 93
44767 9
44777 8
44787 1572
44798 9
44808 8
44905 875
44931 891
44932 892
44952 892
44953 156
44954 218
44955 218
44956 131
44978 43
44989 1605
44999 44
45010 43
45039 925
45040 569
45060 9
45080 8
45091 5097
45112 174
45113 435
45114 284
45115 85
45116 85
45117 85
45118 85
45119 84
45120 85
45121 26
45133 8
45154 9
45164 874
45193 901
45194 883
45410 8
45420 9
45430 2583
45440 8
45451 9
45461 518
45492 1019
45493 2165
45564 1072
45565 435
45566 109
45567 85
45568 85
45569 85
45570 85
45571 85
45572 85
45573 50
45584 9
45679 8
45726 875
45727 289
45730 17
45731 85
45795 657
45796 218
45797 218
45798 218
45825 4210
45826 85
45827 42
45856 9
45866 8
45899 892
45900 875
45910 416
45915 475
45920 892
45931 807
45940 218
45941 436
45942 247
45943 85
45944 85
45945 85
45946 85
45947 85
45948 85
45949 85
45950 85
45951 85
45952 85
45953 84
45954 85
45955 85
45956 85
45957 85
45958 85
45959 85
45960 85
45961 85
45962 85
45963 85
45964 85
45965 84
45966 85
45967 85
45968 85
45969 85
45970 85
45971 85
45972 85
45973 85
45974 85
45975 85
45976 85
45977 84
45978 85
45979 85
45980 85
45981 85
45982 85
45983 85
45984 8
46316 9
46441 136
46442 195
46465 552
46466 145
46467 16
46468 306
46471 26
46472 218
46473 218
46474 218
46475 218
46476 218
46477 218
46478 218
46479 218
46480 217
46481 218
46482 44
46507 44
46525 3233
46535 1007
46545 44
46589 2039
46590 87
46591 1425
46601 891
46673 892
46681 8
46808 9
46818 1286
46860 43
46889 1433
46890 891
46901 892
47013 883
47017 17
47028 9
47048 1224
47059 43
47069 44
47100 1153
47311 8
47331 9
47341 3969
47342 130
47372 284
47383 9
47415 220
47416 663
47422 891
47432 17
47433 875
47436 9
47437 789
47446 77
47447 637
47454 237
47456 44
47457 87
47477 651
47487 43
47498 34
47606 875
47632 187
47633 17
47654 2488
47655 183
47656 218
47657 218
47658 43
47689 44
47699 2137
47709 1249
47720 25
47752 9
47792 883
48242 8
48262 3491
48264 349
48265 434
48266 214
48294 475
48504 9
48514 8
48535 9
48558 88
48559 1284
48566 339
48570 70
48571 218
48572 218
48573 218
48574 218
48575 218
48576 217
48577 218
48578 218
48579 218
48580 174
48581 1195
48585 17
48586 1095
48598 145
48600 1384
48603 131
48604 435
48605 319
48606 85
48607 85
48608 51
48987 9
49428 8
49459 9
49469 44
49489 44
49616 43
49637 131
49638 218
49658 261
49934 44
49935 2440
49936 5410
49956 393
49974 4572
49975 435
49976 125
49977 85
49978 85
49979 85
49980 85
50002 9
50013 8
50023 875
50033 8
50073 961
50074 1529
50084 17
50085 382
50089 492
50095 892
50105 807
50114 44
50115 434
50116 390
50117 43
50135 8
50146 9
50156 874
50166 9
50176 8
50199 875
50200 891
50307 892
50317 17
50318 875
50327 8
50348 9
50358 1206
50399 1275
50400 883
50410 892
50420 815
50611 44
50622 44
50632 43
50669 44
50670 174
50671 174
50905 480
50926 3677
50927 1895
50945 348
50946 435
50947 143
50948 85
50949 85
50950 85
50951 85
50952 85
50953 85
50954 85
50955 85
50956 85
50957 85
50958 84
50959 85
50960 85
50961 85
50962 85
50963 85
50964 85
50965 85
50966 85
50967 85
50987 8
50997 9
51007 874
51031 9
51070 1826
51071 840
51682 9
51693 8
52207 9
52292 44
52376 44
52502 4099
52503 218
52504 218
52505 218
52506 218
52507 218
52508 218
52509 217
52510 218
52539 87
52559 44
52570 1787
52594 436
52615 5180
52626 892
52635 653
52643 187
52645 348
52646 435
52647 128
52669 8
52680 9
52729 569
52730 322
52734 893
52738 416
52743 298
52746 17
52747 603
52751 271
52754 17
52771 1987
52772 435
52773 144
52791 9
52942 8
52943 332
52978 543
52979 892
52989 433
52999 8
53151 450
53162 9
53182 8
53206 9
53207 1046
53208 218
53209 3577
53228 985
53239 892
53248 280
53251 131
53252 435
53253 318
53254 85
53255 85
53256 85
53269 9
53289 8
53604 119
53625 3167
53632 264
53635 93
53636 730
53645 305
53664 304
53674 370
53694 348
53695 8
53874 9
53884 1589
53908 195
53909 179
53911 518
53917 1173
53924 9
53925 416
53929 9
53930 192
53931 218
53932 218
53933 217
53934 218
53935 218
53960 44
53970 3328
53980 43
53991 44
54029 935
54031 892
54042 891
54050 892
54061 841
54070 174
54071 434
54072 252
54091 1647
54092 85
54093 85
54094 85
54095 85
54096 85
54097 85
54098 84
54099 85
54100 85
54101 85
54102 85
54103 85
54104 9
54122 8
54132 9
54142 687
54153 9
54163 8
54184 170
54185 238
54187 654
54195 891
54205 17
54206 875
54216 153
54218 416
54222 323
54225 17
54226 628
54233 304
54234 434
54235 180
54236 85
54237 85
54238 85
54239 85
54240 51
54256 8
54267 9
54277 178
54287 697
54314 891
54315 68
54316 824
54325 17
54326 874
54336 892
54346 119
54348 435
54349 424
54350 85
54351 85
54352 85
54353 85
54354 8
54369 170
54379 8
54390 9
54400 875
54427 8
54428 900
54429 620
54436 221
54438 34
54439 892
54449 832
54459 348
54460 434
54461 43
54480 34
54491 8
54501 875
54511 9
54521 8
54543 875
54544 891
54554 892
54565 1724
54585 435
54586 425
54587 8
54605 9
54615 8
54626 875
54636 8
54646 9
54669 59
54670 1291
54685 3032
54691 435
54692 424
54693 85
54694 85
54695 85
54696 85
54697 85
54698 85
54699 84
54700 51
54711 179
54732 569
54742 8
54752 1350
54781 663
54788 8
54789 1605
54802 843
54803 434
54804 355
54805 85
54806 85
54807 51
54823 8
54833 9
54843 789
54854 85
54864 9
54889 883
54890 892
54901 891
54911 892
54921 17
54922 807
54931 261
54932 434
54933 215
54934 85
54935 85
54936 85
54937 85
54938 85
54939 85
54940 85
54941 85
54942 85
54943 85
54944 84
54945 85
54946 85
54947 85
54948 85
54949 85
54950 85
54951 85
54952 85
54953 85
54954 51
54972 8
54982 9
54993 119
55003 135
55027 620
55028 391
55033 76
55034 425
55039 178
55041 501
55046 1104
55049 892
55061 667
55062 294
55063 85
55064 85
55065 85
55066 85
55067 59
55082 8
55092 196
55113 8
55123 9
55152 611
55153 263
55156 136
55157 714
55166 467
55171 339
55173 128
55193 8
55203 9
55214 4087
55240 8
55282 9
55292 874
55320 170
55321 722
55329 17
55330 1334
55338 255
55341 157
55342 1668
55353 739
55362 435
55363 424
55364 85
55365 85
55366 85
55367 85
55368 85
55369 85
55370 85
55371 85
55372 85
55373 85
55374 84
55375 85
55376 85
55377 85
55378 85
55379 85
55380 85
55381 85
55382 85
55383 85
55384 85
55385 85
55386 84
55387 85
55388 85
55389 85
55390 85
55391 85
55392 85
55393 85
55394 85
55395 85
55396 85
55397 85
55398 84
55399 85
55400 85
55401 85
55402 85
55403 85
55404 60
55423 186
55434 60
55444 8
55454 578
55479 662
55480 892
55490 85
55491 713
55499 17
55500 1479
55501 434
55502 390
55503 85
55504 85
55505 85
55506 85
55507 85
55508 85
55509 84
55510 51
55531 9
55542 8
55552 3584
55553 85
55554 85
55555 85
55556 85
55557 85
55558 84
55559 85
55560 85
55561 85
55562 85
55563 85
55564 85
55565 85
55566 85
55567 85
55568 85
55569 85
55570 84
55571 85
55572 85
55573 85
55574 85
55575 85
55576 85
55577 85
55578 85
55579 85
55580 85
55581 85
55582 84
55583 85
55584 85
55585 85
55586 85
55587 85
55588 85
55589 85
55590 85
55591 85
55592 85
55593 85
55594 85
55595 84
55596 85
55597 85
55598 85
55599 85
55600 85
55601 85
55602 85
55603 85
55604 85
55605 8
55624 9
55634 8
55645 459
55655 25
55682 153
55683 238
55685 8
55686 382
55690 501
55696 119
55697 773
55703 9
55704 883
55714 891
55732 400
55736 131
55737 434
55738 320
55739 85
55740 85
55741 51
55752 8
55762 9
55783 687
55805 187
55842 900
55843 883
55853 204
55855 680
55863 34
55864 1286
55870 425
55875 586
55882 261
55883 434
55884 215
55885 85
55886 85
55887 85
55888 51
55903 8
55924 9
55934 874
55960 552
55961 85
55962 255
55965 2607
55981 44
55982 434
55983 390
55984 85
55985 85
55986 85
55987 84
55988 85
55989 85
55990 85
55991 85
55992 85
55993 85
55994 85
55995 85
55996 85
55997 85
55998 85
55999 84
56000 85
56001 85
56002 85
56003 85
56004 85
56005 85
56006 85
56007 85
56008 85
56009 85
56010 51
56023 8
56033 9
56043 382
56082 399
56083 484
56087 501
56103 892
56104 891
56114 824
56123 44
56124 434
56125 390
56126 9
56144 8
56154 9
56165 874
56175 9
56185 8
56208 875
56209 892
56219 891
56230 892
56240 832
56250 435
56251 424
56252 8
56280 9
56291 8
56301 247
56323 628
56324 68
56325 824
56335 891
56345 646
56353 246
56355 17
56356 807
56365 261
56366 434
56367 182
56386 8
56406 9
56416 874
56439 892
56440 696
56448 195
56450 306
56454 586
56460 9
56461 110
56471 1313
56472 260
56492 8
56502 9
56512 93
56544 663
56545 696
56552 314
56555 340
56559 76
56560 476
56565 8
56566 527
56572 357
56576 195
56588 467
56589 76
56590 85
56591 435
56592 424
56593 85
56594 85
56595 85
56596 85
56597 85
56598 51
56609 8
56619 9
56640 874
56650 9
56661 8
56681 875
56682 459
56687 433
56692 883
56702 17
56703 883
56713 875
56723 435
56724 424
56725 85
56726 85
56727 85
56728 85
56729 85
56730 85
56731 85
56732 85
56733 85
56734 85
56735 84
56736 85
56737 34
56753 9
56774 3082
56795 17
56805 841
56815 391
56826 59
56836 85
56860 841
56861 891
56872 892
56902 2029
56903 434
56904 154
56923 8
56933 9
56943 8
56954 875
56976 8
56977 883
56985 892
56995 9
56996 883
56998 832
57008 348
57009 434
57010 145
57011 85
57012 85
57013 85
57014 85
57015 85
57016 85
57017 84
57018 85
57019 85
57020 85
57021 85
57022 85
57023 85
57024 85
57025 85
57026 85
57027 59
57040 26
57050 144
57060 9
57070 263
57081 1223
57105 8
57126 892
57142 8
57152 3365
57186 17
57187 1011
57189 135
57190 9
57191 543
57197 261
57198 434
57199 43
57218 44
57229 43
57239 86
57249 815
57271 569
57272 17
57293 2980
57303 131
57304 43
57335 44
57345 43
57375 1354
57376 892
57387 883
57397 900
57407 815
57417 304
57418 434
57419 147
57437 8
57448 9
57458 874
57468 9
57479 8
57501 875
57502 892
57513 891
57523 654
57531 238
57533 8
57534 824
57543 44
57564 87
57574 43
57584 304
57615 389
57616 213
57618 246
57621 433
57626 416
57631 476
57637 891
57647 892
57657 484
57662 178
57664 87
57665 434
57666 356
57667 85
57668 84
57669 85
57670 85
57671 85
57672 85
57673 85
57674 85
57675 85
57676 85
57677 85
57678 85
57679 85
57680 84
57681 85
57682 85
57683 85
57684 85
57685 85
57686 85
57687 85
57688 85
57689 85
57690 85
57691 85
57692 84
57693 85
57694 85
57695 85
57696 85
57697 85
57698 85
57699 85
57700 85
57701 85
57702 85
57703 8
57718 9
57729 8
57739 875
57749 8
57760 9
57785 874
57786 892
57796 892
57807 891
57817 833
57827 435
57828 424
57829 85
57830 85
57831 85
57832 85
57833 85
57834 85
57835 85
57836 85
57837 85
57838 85
57839 84
57840 85
57841 85
57842 85
57843 85
57844 85
57845 85
57846 85
57847 85
57848 85
57849 85
57850 85
57851 85
57852 84
57853 85
57854 85
57855 85
57856 85
57857 85
57858 85
57859 85
57860 85
57861 85
57862 85
57863 85
57864 84
57865 85
57866 85
57867 85
57868 85
57869 85
57870 85
57871 85
57872 85
57873 85
57874 85
57875 85
57876 84
57877 85
57878 85
57879 85
57880 85
57881 85
57882 85
57883 85
57884 85
57885 85
57886 85
57887 85
57888 84
57889 85
57890 85
57891 85
57892 85
57893 85
57894 85
57895 85
57896 85
57897 85
57898 85
57899 85
57900 76
57919 144
57930 9
57940 8
57950 425
57974 450
57979 17
57980 875
57990 891
57996 892
58006 781
58015 51
58016 348
58017 434
58018 43
58036 34
58046 8
58057 875
58067 9
58077 8
58100 416
58101 459
58104 8
58105 883
58166 179
58168 713
58176 17
58177 569
58183 25
58184 281
58186 8
58207 9
58229 1206
58261 44
58271 1223
58309 9
58310 1727
58323 1693
58331 892
58341 8
58342 730
58350 174
58351 434
58352 286
58353 85
58354 85
58355 84
58356 85
58357 85
58358 85
58359 85
58360 85
58361 85
58362 85
58363 85
58364 85
58365 17
58382 8
58392 9
58403 874
58413 9
58423 8
58447 1767
58448 891
58458 892
58469 832
58478 87
58479 434
58480 304
58500 34
58510 9
58520 874
58531 9
58562 883
58563 2182
58584 1308
58599 436
58600 423
58601 85
58602 85
58603 85
58604 85
58605 85
58606 85
58607 85
58608 85
58609 85
58610 51
58630 8
58641 9
58651 874
58661 9
58672 8
58692 875
58693 892
58704 891
58714 323
58718 569
58724 8
58725 824
58734 218
58735 434
58736 215
58755 9
58765 8
58775 875
58786 9
58818 883
58819 195
58821 17
58822 679
58829 9
58830 781
58839 102
58840 238
58843 654
58850 17
58851 798
58860 305
58861 434
58862 180
58863 85
58864 85
58865 85
58866 85
58867 85
58868 85
58869 85
58870 84
58871 85
58872 85
58873 85
58874 85
58875 85
58876 9
58891 602
58901 9
58911 8
58922 3363
58923 85
58924 85
58925 85
58926 85
58927 85
58928 85
58929 85
58930 85
58931 84
58932 85
58933 85
58934 85
58935 85
58936 85
58937 85
58938 85
58939 85
58940 85
58941 85
58942 85
58943 84
58944 85
58945 85
58946 85
58947 85
58948 85
58949 85
58950 85
58951 85
58952 85
58953 85
58954 85
58955 85
58956 84
58957 85
58958 85
58959 85
58960 85
58961 85
58962 85
58963 85
58964 85
58965 51
58983 42
58994 2454
58995 85
58996 85
58997 85
58998 85
58999 85
59000 8
59014 9
59025 8
59035 544
59045 8
59056 9
59078 314
59079 603
59086 289
59089 297
59093 76
59094 518
59100 510
59106 382
59110 892
59120 169
59122 332
59125 44
59126 43
59140 44
59151 43
59161 1161
59171 8
59181 9
59205 76
59206 170
59208 891
59218 892
59226 9
59227 883
59237 815
59246 76
59247 264
59250 85
59251 220
59253 174
59254 434
59255 285
59256 85
59257 85
59258 85
59259 85
59260 85
59261 85
59262 51
59277 8
59288 8
59298 875
59319 9
59344 883
59345 891
59356 799
59365 76
59366 170
59368 178
59370 1384
59386 261
59387 434
59388 181
59407 9
59421 8
59431 875
59441 8
59451 9
59481 875
59482 1606
59493 891
59502 892
59513 807
59522 218
59523 87
59543 1591
59563 1019
59574 8
59584 9
59594 874
59620 892
59621 892
59631 17
59632 1706
59662 44
59673 43
59693 1494
59713 17
59714 1248
59719 408
59723 8
59724 102
59725 552
59731 340
59735 246
59738 577
59745 435
59746 424
59747 9
59766 8
59787 8
59797 875
59818 17
59819 1766
59830 892
59840 824
59850 435
59851 424
59852 9
59871 8
59881 9
59892 2148
59902 9
59912 8
59923 875
59949 892
59950 1019
59962 891
59971 714
59979 261
59980 434
59981 215
59982 85
59983 85
59984 8
