1 41
2 85
3 85
4 85
5 85
6 84
7 85
8 85
9 85
10 85
11 85
12 85
13 85
14 85
15 85
16 85
17 85
18 84
19 85
20 85
21 85
22 85
23 85
24 85
25 85
26 85
27 85
28 85
29 85
30 84
31 85
32 85
33 85
34 85
35 85
36 85
37 85
38 85
39 85
40 85
41 85
42 85
43 84
44 85
45 85
46 85
47 85
48 85
49 85
50 85
51 85
52 85
53 85
54 85
55 84
56 85
57 85
58 85
59 85
60 85
61 85
62 85
63 85
64 85
65 85
66 85
67 84
68 85
69 85
70 85
71 85
72 85
73 85
74 85
75 85
76 85
77 85
78 85
79 84
80 85
81 85
82 85
83 85
84 85
85 85
86 85
87 85
88 85
89 85
90 85
91 85
92 84
93 85
94 85
95 85
96 85
97 85
98 85
99 85
100 85
101 85
102 85
103 85
104 84
105 85
106 85
107 85
108 85
109 85
110 85
111 85
112 85
113 85
114 85
115 85
116 84
117 85
118 85
119 85
120 85
121 85
122 85
123 85
124 85
125 85
126 85
127 85
128 84
129 85
130 85
131 85
132 85
133 85
134 85
135 85
136 85
137 85
138 85
139 85
140 85
141 84
142 85
143 85
144 85
145 85
146 85
147 85
148 85
149 85
150 85
151 85
152 85
153 84
154 85
155 85
156 85
157 85
158 85
159 85
160 85
161 85
162 85
163 85
164 85
165 84
166 85
167 85
168 85
169 85
170 85
171 85
172 85
173 85
174 85
175 85
176 85
177 84
178 85
179 85
180 85
181 85
182 85
183 85
184 85
185 85
186 85
187 85
188 85
189 85
190 84
191 85
192 85
193 85
194 85
195 85
196 85
197 85
198 85
199 85
200 85
201 85
202 84
203 85
204 85
205 85
206 85
207 85
208 85
209 85
210 85
211 85
212 85
213 85
214 84
215 85
216 85
217 85
218 85
219 85
220 85
221 85
222 85
223 85
224 85
225 85
226 85
227 84
228 85
229 85
230 85
231 85
232 85
233 85
234 85
235 85
236 85
237 85
238 85
239 84
240 85
241 85
242 85
243 85
244 85
245 85
246 85
247 85
248 85
249 85
250 85
251 84
252 85
253 85
254 85
255 85
256 85
257 85
258 85
259 85
260 85
261 85
262 85
263 84
264 85
265 85
266 85
267 85
268 85
269 85
270 85
271 85
272 85
273 85
274 85
275 85
276 84
277 85
278 85
279 85
280 85
281 85
282 85
283 85
284 85
285 85
286 85
287 85
288 84
289 85
290 85
291 85
292 85
293 85
294 85
295 85
296 85
297 85
298 85
299 85
300 84
301 85
302 85
303 85
304 85
305 85
306 85
307 85
308 85
309 85
310 85
311 85
312 84
313 85
314 85
315 85
316 85
317 85
318 85
319 85
320 85
321 85
322 85
323 85
324 85
325 84
326 85
327 85
328 85
329 85
330 85
331 85
332 85
333 85
334 85
335 85
336 85
337 84
338 85
339 85
340 85
341 85
342 85
343 85
344 85
345 85
346 85
347 85
348 85
349 84
350 85
351 85
352 85
353 85
354 85
355 85
356 85
357 85
358 85
359 85
360 85
361 84
362 85
363 85
364 85
365 85
366 85
367 85
368 85
369 85
370 85
371 85
372 85
373 85
374 84
375 85
376 85
377 85
378 85
379 85
380 85
381 85
382 85
383 85
384 85
385 85
386 84
387 85
388 85
389 85
390 85
391 85
392 85
393 85
394 85
395 85
396 85
397 85
398 84
399 85
400 85
401 85
402 85
403 85
404 85
405 85
406 85
407 85
408 85
409 85
410 85
411 84
412 85
413 85
414 85
415 85
416 85
417 85
418 85
419 85
420 85
421 85
422 85
423 84
424 85
425 85
426 85
427 85
428 85
429 85
430 85
431 85
432 85
433 85
434 85
435 84
436 85
437 85
438 85
439 85
440 85
441 85
442 85
443 85
444 85
445 85
446 85
447 84
448 85
449 85
450 85
451 85
452 85
453 85
454 85
455 85
456 85
457 85
458 85
459 85
460 84
461 85
462 85
463 85
464 85
465 85
466 85
467 85
468 85
469 85
470 85
471 85
472 84
473 85
474 85
475 85
476 85
477 85
478 85
479 85
480 85
481 85
482 85
483 85
484 84
485 85
486 85
487 85
488 85
489 85
490 85
491 85
492 85
493 85
494 85
495 85
496 84
497 85
498 85
499 85
500 85
501 85
502 85
503 85
504 85
505 85
506 85
507 85
508 85
509 84
510 85
511 85
512 85
513 85
514 85
515 85
516 85
517 85
518 85
519 85
520 85
521 84
522 85
523 85
524 85
525 85
526 85
527 85
528 85
529 85
530 85
531 85
532 85
533 84
534 85
535 85
536 85
537 85
538 85
539 85
540 85
541 85
542 85
543 85
544 85
545 84
546 85
547 85
548 85
549 85
550 85
551 85
552 85
553 85
554 85
555 85
556 42
568 1053
569 94
570 84
571 85
572 85
573 85
574 85
575 85
576 85
577 85
578 85
579 85
580 85
581 85
582 84
583 85
584 85
585 85
586 85
587 85
588 85
589 85
590 85
591 85
592 85
593 85
594 85
595 84
596 85
597 85
598 85
599 85
600 85
601 85
602 85
603 85
604 85
605 85
606 85
607 84
608 85
609 85
610 85
611 85
612 85
613 85
614 85
615 85
616 85
617 85
618 85
619 84
620 85
621 85
622 85
623 85
624 85
625 85
626 85
627 85
628 85
629 85
630 85
631 84
632 85
633 85
634 85
635 85
636 85
637 85
638 85
639 85
640 85
641 85
642 85
643 85
644 84
645 85
646 85
647 85
648 85
649 85
650 85
651 85
652 85
653 85
654 85
655 85
656 84
657 85
658 85
659 85
660 85
661 85
662 85
663 85
664 85
665 85
666 85
667 85
668 84
669 85
670 85
671 85
672 85
673 85
674 85
675 85
676 85
677 85
678 85
679 85
680 84
681 85
682 85
683 85
684 85
685 85
686 85
687 85
688 85
689 85
690 85
691 85
692 85
693 84
694 85
695 85
696 85
697 85
698 85
699 85
700 85
701 85
702 85
703 85
704 85
705 84
706 85
707 85
708 85
709 85
710 85
711 85
712 85
713 85
714 85
715 85
716 85
717 84
718 85
719 85
720 85
721 85
722 85
723 85
724 85
725 85
726 85
727 85
728 85
729 84
730 85
731 85
732 85
733 85
734 85
735 85
736 85
737 85
738 85
739 85
740 85
741 85
742 84
743 85
744 85
745 85
746 85
747 85
748 85
749 85
750 85
751 85
752 85
753 85
754 84
755 85
756 85
757 85
758 85
759 85
760 85
761 85
762 85
763 85
764 85
765 85
766 42
785 1656
786 85
787 85
788 85
789 85
790 85
791 84
792 85
793 85
794 85
795 85
796 85
797 85
798 85
799 85
800 85
801 85
802 85
803 84
804 85
805 85
806 85
807 85
808 85
809 85
810 85
811 85
812 85
813 85
814 85
815 84
816 85
817 85
818 85
819 85
820 85
821 85
822 85
823 85
824 85
825 85
826 85
827 85
828 84
829 85
830 85
831 85
832 85
833 85
834 85
835 85
836 85
837 85
838 85
839 85
840 84
841 85
842 85
843 85
844 85
845 85
846 85
847 85
848 85
849 85
850 85
851 85
852 84
853 85
854 85
855 85
856 85
857 85
858 85
859 85
860 85
861 85
862 85
863 85
864 84
865 85
866 85
867 85
868 85
869 85
870 85
871 85
872 85
873 85
874 85
875 85
876 85
877 84
878 85
879 85
880 85
881 85
882 85
883 85
884 85
885 85
886 85
887 85
888 85
889 84
890 85
891 85
892 85
893 85
894 85
895 85
896 85
897 85
898 85
899 85
900 85
901 84
902 85
903 85
904 85
905 85
906 85
907 85
908 42
929 17
939 1206
950 9
960 305
970 26
998 985
999 977
1000 2403
1019 44
1020 434
1021 390
1022 85
1023 85
1024 84
1025 60
1040 8
1050 1045
1061 2029
1062 85
1063 85
1064 85
1065 85
1066 85
1067 85
1068 85
1069 85
1070 85
1071 85
1072 85
1073 84
1074 85
1075 85
1076 85
1077 85
1078 85
1079 85
1080 85
1081 85
1082 85
1083 85
1084 85
1085 84
1086 85
1087 85
1088 85
1089 85
1090 85
1091 85
1092 85
1093 85
1094 85
1095 85
1096 85
1097 84
1098 85
1099 85
1100 85
1101 85
1102 85
1103 85
1104 85
1105 85
1106 85
1107 85
1108 85
1109 85
1110 84
1111 85
1112 85
1113 85
1114 85
1115 85
1116 85
1117 85
1118 85
1119 85
1120 85
1121 51
1133 8
1143 1894
1144 85
1145 85
1146 85
1147 84
1148 85
1149 85
1150 85
1151 85
1152 85
1153 85
1154 85
1155 68
1174 1333
1195 8
1205 1614
1215 8
1225 196
1236 8
1264 1359
1265 3197
1266 434
1267 286
1268 85
1269 84
1270 85
1271 85
1272 85
1273 85
1274 85
1275 85
1276 85
1277 85
1278 85
1279 85
1280 85
1281 84
1282 85
1283 85
1284 85
1285 85
1286 85
1287 85
1288 85
1289 85
1290 85
1291 85
1292 85
1293 85
1294 84
1295 85
1296 85
1297 85
1298 85
1299 85
1300 85
1301 85
1302 85
1303 85
1304 85
1305 85
1306 84
1307 85
1308 85
1309 85
1310 85
1311 85
1312 85
1313 85
1314 85
1315 85
1316 85
1317 85
1318 84
1319 85
1320 85
1321 85
1322 85
1323 85
1324 85
1325 85
1326 85
1327 85
1328 85
1329 85
1330 85
1331 84
1332 85
1333 85
1334 85
1335 85
1336 85
1337 85
1338 51
1358 8
1368 26
1379 8
1389 9
1410 3159
1411 93
1412 34
1413 1087
1425 174
1426 434
1427 286
1428 85
1429 84
1430 85
1431 85
1432 85
1433 85
1434 85
1435 85
1436 85
1437 85
1438 85
1439 85
1440 85
1441 84
1442 85
1443 85
1444 85
1445 85
1446 85
1447 85
1448 85
1449 85
1450 85
1451 85
1452 85
1453 84
1454 85
1455 85
1456 85
1457 26
1478 8
1488 1503
1498 17
1508 2853
1509 94
1510 85
1511 85
1512 85
1513 85
1514 85
1515 84
1516 85
1517 85
1518 85
1519 85
1520 85
1521 85
1522 85
1523 85
1524 85
1525 85
1526 85
1527 84
1528 85
1529 85
1530 85
1531 85
1532 85
1533 85
1534 85
1535 85
1536 85
1537 85
1538 85
1539 84
1540 85
1541 85
1542 85
1543 85
1544 85
1545 85
1546 85
1547 85
1548 85
1549 85
1550 85
1551 84
1552 85
1553 85
1554 85
1555 85
1556 85
1557 85
1558 85
1559 85
1560 85
1561 85
1562 85
1563 85
1564 84
1565 85
1566 85
1567 85
1568 85
1569 85
1570 85
1571 85
1572 85
1573 85
1574 85
1575 8
1591 1435
1592 85
1593 85
1594 85
1595 68
1611 8
1632 77
1642 8
1668 858
1669 3507
1689 44
1690 304
1710 43
1720 44
1731 1554
1741 8
1751 17
1777 1716
1778 1274
1792 8
1793 1189
1798 17
1799 195
1801 304
1802 434
1803 181
1804 85
1805 85
1806 85
1807 85
1808 85
1809 84
1810 85
1811 85
1812 85
1813 85
1814 85
1815 85
1816 85
1817 85
1818 85
1819 85
1820 85
1821 84
1822 85
1823 85
1824 85
1825 85
1826 85
1827 85
1828 85
1829 85
1830 85
1831 85
1832 85
1833 84
1834 85
1835 85
1836 85
1837 85
1838 85
1839 85
1840 85
1841 85
1842 85
1843 85
1844 85
1845 85
1846 84
1847 85
1848 85
1849 85
1850 85
1851 85
1852 85
1853 85
1854 85
1855 85
1856 85
1857 85
1858 84
1859 85
1860 85
1861 85
1862 85
1863 85
1864 85
1865 85
1866 85
1867 85
1868 85
1869 85
1870 84
1871 85
1872 85
1873 85
1874 85
1875 85
1876 85
1877 85
1878 85
1879 85
1880 85
1881 85
1882 85
1883 84
1884 85
1885 85
1886 34
1901 17
1912 187
1922 2904
1923 85
1924 85
1925 85
1926 85
1927 85
1928 85
1929 85
1930 85
1931 85
1932 84
1933 85
1934 85
1935 85
1936 85
1937 85
1938 85
1939 85
1940 85
1941 85
1942 85
1943 85
1944 84
1945 85
1946 85
1947 85
1948 85
1949 85
1950 85
1951 85
1952 85
1953 85
1954 85
1955 85
1956 84
1957 85
1958 85
1959 85
1960 85
1961 85
1962 85
1963 85
1964 85
1984 857
1994 9
2004 51
2015 8
2025 748
2047 305
2048 51
2049 1495
2066 1792
2069 348
2070 434
2071 145
2072 85
2073 85
2074 85
2075 85
2076 85
2077 85
2078 85
2079 84
2080 85
2081 85
2082 85
2083 85
2084 85
2085 85
2086 85
2087 85
2088 85
2089 85
2090 85
2091 84
2092 85
2093 85
2094 85
2095 85
2096 85
2097 85
2098 85
2099 85
2100 8
2120 9
2131 8
2141 3541
2142 85
2143 85
2144 85
2145 85
2146 85
2147 85
2148 85
2149 85
2150 85
2151 85
2152 84
2153 85
2154 85
2155 85
2156 85
2157 85
2158 85
2159 85
2160 85
2161 85
2162 85
2163 85
2164 85
2165 84
2166 85
2167 85
2168 85
2169 85
2170 85
2171 85
2172 85
2173 85
2174 85
2175 85
2176 85
2177 84
2178 85
2179 85
2180 85
2181 85
2182 85
2183 85
2184 85
2185 85
2186 85
2187 85
2188 85
2189 59
2203 17
2213 8
2223 2888
2224 85
2225 85
2226 84
2227 85
2228 85
2229 85
2230 85
2231 85
2232 85
2233 85
2234 85
2235 85
2236 85
2237 85
2238 84
2239 85
2240 85
2241 85
2242 85
2243 85
2244 85
2245 85
2246 85
2247 85
2248 85
2249 85
2250 85
2251 84
2252 85
2253 85
2254 85
2255 85
2256 85
2257 85
2258 85
2259 85
2260 85
2261 85
2262 85
2263 84
2264 77
2285 8
2295 9
2306 85
2316 8
2337 773
2338 926
2349 76
2350 1045
2359 993
2370 561
2377 261
2378 434
2379 215
2380 85
2381 85
2382 85
2383 85
2384 85
2385 84
2386 85
2387 85
2388 85
2389 85
2390 85
2391 85
2392 85
2393 85
2394 85
2395 85
2396 85
2397 85
2398 84
2399 85
2400 9
2419 8
2429 9
2440 2403
2450 170
2460 8
2481 9
2502 4161
2503 212
2504 304
2505 434
2506 181
2507 85
2508 84
2509 85
2510 85
2511 85
2512 85
2513 85
2514 85
2515 85
2516 85
2517 85
2518 85
2519 85
2520 84
2521 85
2522 85
2523 85
2524 85
2525 85
2526 85
2527 85
2528 85
2529 85
2530 85
2531 85
2532 85
2533 84
2534 85
2535 85
2536 85
2537 85
2538 85
2539 85
2540 85
2541 85
2542 85
2543 85
2544 85
2545 84
2546 85
2547 85
2548 85
2549 85
2550 85
2551 85
2552 85
2553 85
2554 85
2555 85
2556 85
2557 84
2558 85
2559 85
2560 85
2561 85
2562 85
2563 9
2575 8
2585 9
2595 2776
2596 85
2597 85
2598 85
2599 85
2600 85
2601 85
2602 85
2603 85
2604 85
2605 85
2606 8
2626 382
2637 9
2647 8
2657 1902
2682 51
2683 1546
2701 883
2704 435
2705 424
2706 85
2707 85
2708 85
2709 85
2710 85
2711 85
2712 85
2713 85
2714 85
2715 85
2716 85
2717 84
2718 85
2719 85
2720 85
2721 85
2722 85
2723 85
2724 85
2725 85
2726 85
2727 85
2728 85
2729 84
2730 85
2731 85
2732 85
2733 85
2734 85
2735 85
2736 85
2737 85
2738 85
2739 85
2740 85
2741 84
2742 85
2743 85
2744 85
2745 85
2746 85
2747 85
2748 85
2749 85
2750 85
2751 85
2752 85
2753 84
2754 85
2755 85
2756 85
2757 85
2758 85
2759 85
2760 85
2761 85
2762 85
2763 85
2764 85
2765 85
2766 84
2767 85
2768 85
2769 85
2770 85
2771 85
2772 85
2773 85
2774 85
2775 85
2776 85
2777 85
2778 84
2779 85
2780 85
2781 85
2782 85
2783 85
2784 85
2785 85
2786 85
2787 85
2788 85
2789 85
2790 84
2791 85
2792 85
2793 85
2794 85
2795 85
2796 85
2797 85
2798 85
2799 85
2800 85
2801 85
2802 85
2803 84
2804 85
2805 85
2806 85
2807 85
2808 85
2809 85
2810 85
2811 85
2812 85
2813 85
2814 85
2815 84
2816 85
2817 85
2818 85
2819 85
2820 85
2821 85
2822 85
2823 85
2824 85
2825 85
2826 85
2827 84
2828 85
2829 85
2830 85
2831 85
2832 85
2833 85
2834 85
2835 85
2836 85
2837 85
2838 85
2839 84
2840 85
2841 85
2842 85
2843 85
2844 85
2845 85
2846 85
2847 85
2848 85
2849 85
2850 85
2851 85
2852 84
2853 85
2854 85
2855 85
2856 85
2857 85
2858 85
2859 85
2860 85
2861 85
2862 85
2863 85
2864 84
2865 85
2866 85
2867 85
2868 85
2869 85
2870 85
2871 85
2872 85
2873 85
2874 85
2875 85
2876 84
2877 85
2878 85
2879 85
2880 85
2881 85
2882 85
2883 85
2884 85
2885 85
2886 85
2887 85
2888 84
2889 85
2890 85
2891 85
2892 85
2893 85
2894 85
2895 85
2896 85
2897 85
2898 85
2899 85
2900 85
2901 84
2902 85
2903 85
2904 85
2905 85
2906 85
2907 85
2908 85
2909 85
2910 85
2911 85
2912 85
2913 84
2914 85
2915 85
2916 85
2917 85
2918 85
2919 85
2920 85
2921 85
2922 85
2923 85
2924 85
2925 84
2926 85
2927 85
2928 85
2929 85
2930 85
2931 85
2932 85
2933 85
2934 85
2935 85
2936 85
2937 84
2938 85
2939 85
2940 85
2941 85
2942 85
2943 85
2944 85
2945 85
2946 85
2947 85
2948 85
2949 85
2950 84
2951 77
2971 17
2982 8
2992 94
3002 8
3024 9
3025 662
3026 323
3029 968
3041 2412
3046 218
3047 434
3048 249
3049 85
3050 85
3051 85
3052 85
3053 85
3054 85
3055 85
3056 85
3057 85
3058 85
3059 85
3060 84
3061 85
3062 85
3063 85
3064 85
3065 85
3066 85
3067 85
3068 85
3069 85
3070 85
3071 85
3072 84
3073 85
3074 85
3075 85
3076 85
3077 85
3078 85
3079 85
3080 85
3081 85
3082 85
3083 85
3084 85
3085 84
3086 85
3087 85
3088 85
3089 85
3090 85
3091 85
3092 85
3093 85
3094 85
3095 85
3096 85
3097 84
3098 85
3099 85
3100 85
3101 85
3102 85
3103 85
3104 85
3105 85
3106 85
3107 85
3108 85
3109 84
3110 85
3111 85
3112 85
3113 34
3128 1316
3129 94
3130 85
3131 85
3132 85
3133 85
3134 84
3135 85
3136 85
3137 85
3138 85
3139 85
3140 85
3141 85
3142 85
3143 85
3144 85
3145 85
3146 84
3147 85
3148 85
3149 85
3150 85
3151 85
3152 85
3153 85
3154 85
3155 85
3156 85
3157 85
3158 84
3159 17
3180 9
3190 8
3201 1308
3211 1265
3221 1385
3231 8
3242 569
3252 17
3262 297
3284 603
3285 773
3294 59
3295 2658
3306 304
3307 434
3308 181
3309 85
3310 85
3311 85
3312 85
3313 85
3314 85
3315 85
3316 85
3317 85
3318 84
3319 85
3320 85
3321 85
3322 85
3323 85
3324 85
3325 85
3326 85
3327 85
3328 85
3329 85
3330 84
3331 85
3332 85
3333 85
3334 85
3335 85
3336 85
3337 85
3338 85
3339 85
3340 85
3341 85
3342 84
3343 85
3344 85
3345 85
3346 85
3347 85
3348 85
3349 85
3350 85
3351 85
3352 85
3353 85
3354 85
3355 84
3356 85
3357 85
3358 85
3359 85
3360 85
3361 85
3362 85
3363 85
3364 85
3365 85
3366 85
3367 84
3368 85
3369 85
3370 85
3371 85
3372 85
3373 85
3374 85
3375 85
3376 85
3377 85
3378 85
3379 84
3380 85
3381 85
3382 85
3383 85
3384 85
3385 85
3386 85
3387 85
3388 85
3389 85
3390 85
3391 84
3392 85
3393 85
3394 85
3395 85
3396 85
3397 85
3398 85
3399 85
3400 85
3401 85
3402 85
3403 85
3404 84
3405 85
3406 85
3407 85
3408 85
3409 85
3410 85
3411 85
3412 85
3413 85
3414 85
3415 85
3416 84
3417 85
3418 85
3419 85
3420 85
3421 85
3422 85
3423 51
3440 25
3450 2004
3471 9
3481 8
3491 3762
3492 85
3493 85
3494 85
3495 9
3520 356
3524 304
3525 434
3526 180
3527 85
3528 85
3529 9
3540 8
3551 264
3561 1061
3571 9
3581 1757
3592 9
3602 2785
3637 730
3638 221
3640 247
3643 25
3644 374
3648 261
3649 435
3650 214
3651 85
3652 85
3653 85
3654 85
3655 85
3656 85
3657 85
3658 85
3659 85
3660 85
3661 84
3662 85
3663 85
3664 85
3665 85
3666 85
3667 85
3668 85
3669 68
3690 8
3700 9
3711 161
3721 17
3743 4161
3765 552
3766 434
3767 145
3768 85
3769 85
3770 85
3771 85
3772 84
3773 34
3785 1070
3786 85
3787 85
3788 85
3789 85
3790 85
3791 85
3792 85
3793 85
3794 85
3795 85
3796 84
3797 85
3798 85
3799 85
3800 85
3801 85
3802 85
3803 85
3804 85
3805 17
3827 8
3837 9
3847 272
3876 76
3877 883
3879 170
3881 127
3882 1198
3896 501
3898 594
3905 51
3906 501
3911 44
3912 436
3913 388
3914 85
3915 85
3916 85
3917 85
3918 85
3919 84
3920 85
3921 85
3922 85
3923 85
3924 85
3925 85
3926 85
3927 85
3928 85
3929 85
3930 85
3931 84
3932 85
3933 85
3934 85
3935 85
3936 85
3937 26
3954 1205
3974 1996
3975 85
3976 85
3977 85
3978 85
3979 85
3980 84
3981 85
3982 85
3983 85
3984 85
3985 85
3986 85
3987 85
3988 85
3989 85
3990 85
3991 85
3992 84
3993 85
3994 85
3995 85
3996 85
3997 85
3998 85
3999 85
4000 85
4001 85
4002 85
4003 85
4004 85
4005 84
4006 85
4007 85
4008 85
4009 85
4026 9
4081 3753
4082 594
4086 305
4087 434
4088 180
4089 85
4090 85
4091 84
4092 85
4093 85
4094 85
4095 85
4096 85
4097 85
4098 85
4099 85
4100 85
4101 85
4102 85
4103 84
4104 85
4105 85
4106 85
4107 51
4133 1376
4143 382
4164 3116
4165 85
4166 85
4167 85
4168 85
4169 85
4170 85
4171 85
4172 85
4195 874
4205 9
4216 1257
4226 17
4269 1817
4270 773
4274 1766
4291 304
4292 435
4293 180
4294 85
4295 85
4296 85
4297 85
4298 85
4299 84
4300 9
4311 8
4342 9
4371 3974
4372 600
4373 434
4374 249
4375 85
4376 85
4377 85
4378 85
4379 85
4380 85
4381 85
4382 85
4383 85
4384 85
4385 84
4386 85
4387 85
4388 85
4403 314
4413 629
4452 8
4502 111
4503 1248
4506 17
4507 348
4511 175
4512 3051
4523 359
4524 436
4525 388
4526 85
4527 85
4528 85
4529 85
4530 85
4531 85
4532 84
4533 85
4534 85
4535 85
4536 85
4537 85
4538 85
4539 85
4540 85
4541 85
4542 85
4543 85
4544 84
4545 85
4546 85
4547 85
4548 85
4549 85
4550 85
4551 85
4552 85
4553 85
4554 85
4555 85
4556 85
4557 84
4558 85
4559 85
4560 85
4561 85
4562 85
4563 85
4564 85
4565 85
4566 85
4567 85
4568 85
4569 84
4570 85
4571 85
4572 85
4573 85
4574 85
4575 85
4576 85
4577 85
4578 85
4579 85
4580 85
4581 84
4582 85
4583 85
4584 85
4585 85
4586 85
4587 85
4588 85
4589 85
4590 85
4591 85
4592 85
4593 84
4594 85
4595 85
4596 85
4597 85
4598 85
4599 85
4600 85
4601 85
4602 85
4603 85
4604 85
4605 85
4606 84
4607 85
4608 85
4609 85
4610 85
4611 85
4612 85
4613 85
4614 85
4615 85
4616 42
4677 1130
4682 348
4686 1944
4698 261
4699 435
4700 43
4719 43
4729 44
4739 331
4749 527
4775 3855
4776 305
4777 435
4778 178
4779 85
4780 85
4781 85
4782 85
4783 85
4784 85
4785 85
4786 85
4787 85
4788 85
4789 85
4790 84
4791 85
4792 85
4793 85
4794 85
4795 85
4796 85
4797 85
4798 85
4799 85
4800 85
4801 85
4802 84
4803 85
4804 85
4805 85
4806 85
4807 85
4808 85
4809 85
4810 85
4811 85
4812 85
4813 85
4814 84
4815 85
4816 85
4817 85
4818 85
4819 85
4820 85
4821 85
4822 85
4823 85
4824 85
4825 85
4826 85
4827 84
4828 85
4829 85
4830 85
4831 85
4832 85
4833 85
4834 85
4835 85
4836 85
4837 85
4838 85
4839 84
4840 85
4841 85
4869 2378
4870 85
4871 85
4872 85
4873 85
4874 85
4875 85
4876 84
4877 85
4878 85
4879 85
4880 85
4881 85
4882 85
4883 85
4884 85
4885 85
4886 85
4887 85
4888 84
4889 85
4890 85
4891 85
4892 85
4893 85
4894 85
4895 85
4896 85
4897 85
4898 51
4920 127
4930 9
4941 8
4971 1028
4972 3337
4974 261
4975 435
4976 214
4977 85
4978 85
4979 85
4980 85
4981 34
4993 433
5052 739
5053 671
5059 1146
5072 1367
5074 305
5075 435
5076 179
5077 85
5078 85
5079 85
5080 85
5081 85
5082 85
5083 85
5084 84
5085 85
5086 85
5087 85
5088 85
5089 77
5111 866
5121 8
5142 9
5152 4053
5182 1019
5183 436
5184 423
5185 85
5186 85
5187 85
5188 85
5189 85
5190 59
5203 1130
5204 85
5205 85
5206 85
5207 84
5208 85
5209 85
5210 85
5211 85
5212 85
5213 85
5214 85
5215 85
5216 85
5217 85
5218 85
5219 84
5220 85
5221 85
5222 85
5223 85
5224 85
5225 85
5226 85
5227 85
5228 85
5229 85
5230 85
5231 84
5232 85
5233 85
5234 85
5235 85
5236 85
5237 85
5238 85
5239 85
5240 85
5241 85
5242 85
5243 85
5244 84
5245 85
5246 85
5247 85
5248 85
5249 85
5250 85
5251 85
5252 85
5253 85
5254 85
5255 85
5256 84
5257 85
5258 85
5259 85
5260 85
5261 85
5262 85
5263 85
5264 85
5265 85
5266 85
5267 85
5268 84
5269 85
5270 85
5271 85
5272 85
5273 85
5274 85
5275 85
5276 85
5277 85
5278 85
5279 85
5280 84
5281 85
5282 85
5283 85
5284 85
5285 85
5286 85
5287 85
5288 85
5289 85
5290 85
5291 85
5292 85
5293 84
5294 85
5295 85
5296 85
5297 85
5298 85
5299 85
5300 85
5301 85
5302 85
5303 85
5304 85
5305 84
5306 85
5307 85
5308 85
5309 85
5310 85
5311 85
5312 85
5313 85
5314 85
5315 85
5316 85
5317 84
5318 85
5337 9
5347 2454
5348 85
5349 85
5350 85
5351 85
5352 85
5353 85
5354 84
5355 85
5356 85
5357 85
5358 85
5359 85
5360 85
5361 85
5362 85
5363 85
5364 85
5365 85
5366 84
5367 85
5368 85
5369 85
5370 85
5371 85
5372 85
5373 85
5374 85
5375 68
5429 1223
5432 25
5433 76
5434 739
5442 17
5443 705
5450 349
5451 436
5452 142
5453 85
5454 85
5455 85
5456 17
5466 262
5467 436
5468 212
5469 85
5470 85
5471 85
5472 8
5487 170
5504 68
5514 34
5525 9
5535 8
5557 484
5558 1429
5572 3167
5579 435
5580 424
5581 85
5582 85
5583 85
5584 85
5585 85
5586 85
5587 84
5588 85
5589 85
5590 85
5591 85
5592 85
5593 85
5594 85
5595 85
5596 85
5597 85
5598 85
5599 84
5600 85
5601 85
5602 85
5603 85
5604 85
5605 85
5606 68
5620 739
5630 8
5640 9
5651 603
5661 25
5671 9
5694 662
5695 102
5696 3617
5722 436
5723 423
5724 85
5725 85
5726 85
5727 85
5728 85
5729 85
5730 85
5731 85
5732 85
5733 85
5734 84
5735 85
5736 85
5737 85
5738 85
5739 85
5740 85
5741 85
5742 85
5743 85
5744 42
5783 9
5794 3159
5816 849
5817 144
5818 213
5821 392
5822 435
5823 109
5824 85
5825 85
5826 85
5827 85
5828 85
5829 85
5830 85
5831 85
5832 84
5833 85
5834 85
5835 85
5836 85
5837 85
5838 85
5839 85
5840 85
5841 85
5842 85
5843 85
5844 85
5845 84
5846 85
5847 85
5848 85
5849 85
5850 85
5851 85
5852 85
5853 85
5854 85
5855 17
5868 1172
5869 84
5870 85
5871 85
5872 85
5873 85
5874 85
5875 85
5876 85
5877 85
5878 85
5879 85
5880 85
5881 84
5882 85
5883 85
5884 85
5885 85
5886 85
5887 85
5888 85
5889 85
5890 85
5891 85
5892 85
5893 85
5894 84
5895 85
5896 85
5897 85
5898 85
5899 85
5900 9
5919 8
5976 9
6002 492
6003 2565
6023 696
6024 218
6025 1284
6033 262
6034 435
6035 213
6036 42
6054 9
6075 8
6085 3176
6108 136
6109 654
6116 408
6121 261
6122 435
6123 215
6124 85
6125 85
6126 85
6127 84
6128 85
6129 85
6130 85
6131 85
6132 85
6133 85
6134 85
6135 85
6136 85
6137 85
6138 85
6139 84
6140 85
6141 85
6142 85
6143 85
6144 85
6145 85
6146 85
6147 85
6148 8
6219 748
6220 3091
6240 280
6241 229
6243 131
6244 435
6245 261
6261 49
6316 9
6317 4410
6318 130
6339 392
6340 436
6341 107
6342 85
6343 85
6344 85
6345 85
6346 85
6347 85
6348 84
6349 85
6350 85
6351 85
6352 85
6353 85
6354 85
6355 85
6356 85
6357 85
6358 85
6359 85
6360 84
6361 85
6362 85
6363 85
6364 85
6365 85
6366 85
6367 85
6368 85
6369 85
6370 85
6371 85
6372 84
6373 85
6374 85
6375 85
6376 85
6377 85
6378 85
6379 85
6380 85
6381 85
6382 85
6383 85
6384 84
6385 85
6386 85
6387 85
6388 85
6389 85
6390 85
6391 85
6392 85
6393 85
6394 85
6395 85
6396 85
6397 84
6398 85
6399 85
6400 85
6401 85
6402 85
6403 85
6404 85
6405 85
6406 85
6407 34
6421 1239
6422 85
6423 85
6424 85
6425 85
6426 85
6427 85
6428 85
6429 85
6430 85
6431 85
6432 85
6433 84
6434 85
6435 85
6436 85
6437 85
6438 85
6439 85
6440 85
6441 85
6442 85
6443 85
6444 85
6445 85
6446 84
6447 85
6448 85
6449 85
6450 85
6451 85
6452 85
6453 8
6473 9
6483 1240
6503 17
6514 840
6539 901
6540 2369
6561 577
6562 436
6563 178
6564 85
6565 85
6566 85
6567 85
6568 84
6569 85
6570 85
6571 85
6572 85
6573 85
6574 85
6575 85
6576 85
6577 59
6592 9
6623 8
6649 1206
6650 1045
6661 17
6662 1316
6670 17
6671 144
6672 612
6679 88
6680 435
6681 353
6682 85
6683 85
6684 85
6685 85
6686 25
6701 9
6712 1163
6899 9
6909 8
6945 1716
6946 175
6947 218
6948 218
6949 43
6967 218
6995 5084
7015 2463
7016 85
7017 85
7018 85
7019 85
7020 85
7021 85
7022 84
7023 85
7024 85
7025 85
7026 85
7027 85
7028 85
7029 85
7030 85
7031 85
7032 85
7033 85
7034 85
7035 84
7036 85
7037 85
7038 85
7039 85
7040 85
7041 85
7042 85
7043 85
7044 85
7045 85
7046 85
7047 84
7048 85
7049 85
7050 85
7051 85
7052 85
7053 85
7054 85
7055 85
7056 85
7057 85
7058 85
7059 59
7097 1146
7100 204
7102 85
7103 87
7104 87
7118 1212
7128 1444
7129 85
7130 85
7131 85
7132 17
7148 93
7159 824
7169 2292
7170 85
7171 85
7172 85
7173 85
7174 85
7175 85
7176 85
7177 85
7178 85
7179 85
7180 85
7181 85
7182 84
7183 85
7184 85
7185 85
7186 85
7187 85
7200 17
7210 1011
7221 8
7231 9
7251 993
7272 2607
7273 722
7281 76
7282 348
7283 435
7284 144
7285 85
7286 85
7287 85
7288 85
7289 85
7290 85
7291 85
7292 84
7293 77
7314 131
7315 435
7316 319
7317 84
7318 85
7319 77
7345 25
7355 1172
7366 43
7405 2420
7406 221
7408 1689
7427 392
7428 436
7429 107
7430 85
7431 85
7432 85
7433 85
7434 76
7458 9
7468 2887
7469 85
7470 85
7471 85
7472 85
7473 85
7474 85
7475 85
7476 84
7477 85
7478 85
7479 85
7480 85
7481 85
7482 85
7483 85
7484 85
7485 85
7486 34
7507 348
7508 435
7509 145
7510 85
7511 85
7512 85
7513 84
7514 85
7515 85
7516 85
7517 85
7518 85
7519 85
7520 85
7521 85
7522 85
7523 85
7524 85
7525 84
7526 85
7527 85
7528 85
7529 85
7530 85
7531 85
7532 85
7533 85
7534 85
7535 85
7536 85
7537 84
7538 85
7539 85
7540 85
7541 85
7542 85
7543 85
7544 85
7545 85
7546 85
7547 85
7548 85
7549 85
7550 84
7551 85
7552 85
7553 85
7554 85
7555 85
7556 85
7557 85
7558 34
7579 349
7580 435
7581 143
7582 85
7583 85
7584 85
7585 85
7586 85
7587 84
7588 85
7589 85
7590 85
7591 85
7592 85
7593 85
7594 85
7595 85
7596 85
7597 85
7598 85
7599 84
7600 85
7601 85
7602 85
7603 85
7604 85
7605 85
7606 51
7620 8
7630 9
7641 2624
7678 331
7679 178
7680 1011
7692 25
7693 204
7695 262
7696 436
7697 212
7698 85
7699 85
7700 85
7701 85
7702 85
7703 85
7704 85
7705 85
7706 85
7707 85
7708 85
7709 84
7710 85
7711 85
7712 85
7713 85
7714 85
7715 85
7716 85
7717 85
7718 85
7719 85
7720 85
7721 84
7722 85
7723 85
7724 85
7725 85
7726 85
7727 85
7728 85
7729 85
7730 85
7731 85
7732 85
7733 85
7734 84
7735 85
7736 85
7737 85
7738 85
7739 85
7740 59
7758 9
7768 2395
7769 85
7770 85
7771 84
7772 85
7773 85
7774 85
7775 85
7776 26
7789 1163
7790 85
7791 85
7792 85
7793 85
7794 85
7795 84
7796 85
7797 51
7809 77
7819 136
7830 8
7840 9
7850 968
7872 679
7873 280
7876 280
7879 136
7881 1062
7975 577
7979 408
7984 305
7985 436
7986 178
7987 85
7988 85
7989 85
7990 85
7991 84
7992 85
7993 85
7994 85
7995 85
7996 85
7997 85
7998 85
7999 85
8000 8
8152 17
8153 140
8154 218
8155 218
8156 218
8157 3426
8174 1712
8175 435
8176 283
8177 85
8178 85
8179 85
8180 85
8181 85
8182 85
8183 85
8184 85
8185 85
8186 85
8187 85
8188 84
8189 85
8190 85
8191 85
8192 85
8193 85
8194 85
8195 85
8196 85
8197 85
8198 85
8199 85
8200 84
8201 85
8202 85
8203 85
8204 85
8205 85
8206 85
8207 85
8208 85
8209 85
8210 17
8226 212
8236 255
8246 8
8287 1571
8288 2794
8308 87
8309 435
8310 354
8311 85
8312 85
8313 85
8314 85
8315 85
8316 85
8317 85
8318 85
8319 85
8320 85
8321 85
8322 85
8323 84
8324 85
8325 85
8326 85
8327 85
8328 85
8329 85
8330 85
8331 85
8332 85
8333 85
8334 85
8335 84
8336 85
8337 85
8338 85
8339 85
8340 85
8341 85
8342 85
8343 85
8344 85
8345 85
8346 85
8347 84
8348 85
8349 85
8350 85
8351 85
8352 85
8353 85
8354 85
8355 85
8356 85
8357 85
8358 85
8359 84
8360 85
8361 85
8362 85
8363 85
8364 85
8365 85
8366 85
8367 85
8368 85
8369 59
8411 44
8421 1461
8431 8
8442 9
8452 2267
8472 2150
8473 261
8474 435
8475 213
8476 85
8477 85
8478 85
8479 85
8480 85
8481 85
8482 84
8483 85
8484 85
8485 85
8486 85
8487 85
8488 85
8489 85
8490 85
8491 85
8492 85
8493 85
8494 84
8495 85
8496 85
8497 85
8498 85
8499 85
8500 9
8542 8
8553 9
8563 8
8597 44
8633 87
8634 2204
8652 577
8655 866
8664 44
8665 1510
8674 874
8675 349
8676 435
8677 144
8678 84
8679 85
8680 85
8681 85
8682 77
8726 34
8754 102
8755 4220
8775 87
8776 435
8777 354
8778 85
8779 85
8780 85
8781 85
8782 85
8783 85
8784 85
8785 85
8786 85
8787 85
8788 85
8789 84
8790 85
8791 85
8792 85
8793 85
8794 85
8795 85
8796 85
8797 85
8798 85
8799 85
8800 8
8817 9
8827 8
8837 204
8847 2692
8874 781
8875 909
8885 305
8886 436
8887 177
8888 85
8889 85
8890 85
8891 85
8892 85
8893 85
8894 85
8895 85
8896 85
8897 85
8898 85
8899 84
8900 85
8901 85
8902 85
8903 85
8904 85
8905 85
8906 85
8907 85
8908 85
8909 51
8927 17
8937 730
8981 425
8982 178
8984 1545
9002 417
9003 1069
9015 175
9037 261
9047 87
9057 43
9088 2017
9089 2590
9110 435
9111 424
9112 85
9113 85
9114 85
9115 85
9116 85
9117 85
9118 85
9119 85
9120 84
9121 85
9122 85
9123 85
9124 85
9125 9
9151 17
9161 433
9196 772
9197 1419
9214 806
9218 934
9229 304
9230 435
9231 179
9232 85
9233 85
9234 85
9235 85
9236 85
9237 85
9238 85
9239 85
9240 85
9241 85
9242 85
9243 84
9244 85
9245 85
9246 85
9247 85
9248 85
9249 85
9250 85
9251 85
9252 85
9253 85
9254 85
9255 84
9256 85
9257 85
9258 85
9259 85
9260 85
9261 17
9292 2700
9293 85
9294 85
9295 85
9296 85
9297 85
9298 85
9299 85
9300 8
9506 9
9516 8
9527 476
9540 8
9561 9
9581 8
9582 175
9583 218
9584 218
9585 217
9586 218
9587 218
9588 218
9589 218
9590 218
9591 218
9592 1781
9831 59
9841 3680
9843 44
9844 436
9845 387
9846 68
10172 44
10183 44
10193 43
10306 44
10327 131
10328 217
10329 218
10330 218
10331 218
10332 218
10333 218
10334 218
10335 218
10336 218
10337 217
10338 218
10339 44
10348 43
10368 4969
10408 941
10428 43
10439 44
10477 4109
10498 1232
10512 518
10518 262
10519 435
10520 213
10521 85
10522 85
10523 85
10524 85
10525 85
10526 85
10527 85
10528 85
10529 85
10530 85
10569 670
10580 1257
10706 9
10726 8
10740 3876
10741 150
10742 85
10743 85
10744 85
10745 85
10746 85
10747 85
10748 85
10749 85
10750 85
10751 84
10752 85
10753 85
10754 17
10775 436
10776 423
10777 85
10778 85
10906 44
10916 44
10926 218
10947 43
10974 131
10975 218
10976 218
10977 218
10978 217
10979 218
10980 4894
10995 131
10996 435
10997 318
11106 17
11116 162
11126 8
11136 9
11147 8
11174 175
11175 218
11176 218
11177 217
11178 218
11179 3163
11195 1809
11214 305
11215 436
11216 178
11217 84
11218 85
11219 85
11220 85
11221 85
11222 85
11223 85
11224 85
11225 85
11226 85
11227 85
11228 85
11229 85
11230 84
11231 85
11232 85
11233 85
11234 85
11235 85
11236 85
11237 85
11238 85
11239 85
11240 85
11241 85
11242 84
11243 85
11244 85
11245 85
11246 85
11247 85
11248 85
11249 85
11250 85
11251 85
11252 85
11253 85
11254 84
11255 85
11256 85
11257 85
11258 85
11259 85
11260 85
11261 85
11262 85
11263 85
11264 85
11265 85
11266 85
11267 84
11268 85
11269 85
11287 68
11297 9
11406 8
11416 2471
11444 26
11445 218
11446 218
11447 218
11448 218
11449 218
11450 2432
11466 348
11467 434
11468 145
11469 85
11470 85
11471 85
11472 85
11473 42
11486 17
11627 1580
11655 662
11670 8
11801 9
11838 8
11858 131
11859 175
11860 217
11861 218
11862 218
11863 218
11864 218
11865 1395
11874 44
11875 349
11876 1975
11880 218
11881 218
11882 218
11883 218
11884 218
11885 218
11886 1949
11900 298
12006 8
12016 9
12036 2610
12074 2557
12075 435
12076 388
12077 85
12078 85
12079 85
12080 85
12081 85
12082 85
12083 85
12084 85
12085 85
12086 85
12087 85
12088 84
12089 85
12090 85
12091 85
12092 85
12093 85
12094 85
12095 85
12096 85
12097 85
12098 85
12099 85
12100 8
12126 9
12136 8
12147 374
12171 17
12172 1656
12186 603
12193 475
12198 17
12199 280
12202 102
12203 849
12213 262
12214 435
12215 213
12216 85
12217 85
12218 85
12219 85
12220 85
12221 85
12222 85
12223 84
12224 85
12225 85
12226 85
12227 85
12228 85
12229 85
12230 85
12231 85
12232 85
12233 85
12234 85
12235 85
12236 84
12237 85
12238 85
12239 85
12240 85
12241 85
12242 85
12243 85
12244 85
12285 17
12295 365
12406 8
12426 2319
12429 1401
12446 316
12447 435
12448 389
12449 85
12450 85
12451 85
12452 25
12467 43
12477 8
12705 9
12728 637
12729 237
12732 306
12735 586
12742 892
12750 891
12760 9
12770 8
12780 9
12790 1526
13104 43
13128 2736
13129 916
13150 892
13160 68
13161 824
13170 156
13171 218
13172 218
13173 218
13174 218
13175 218
13176 218
13177 87
13190 43
13256 4374
13258 383
13262 59
13263 297
13266 9
13267 136
13268 254
13271 493
13277 891
13287 493
13293 305
13294 436
13295 178
13296 85
13297 85
13298 85
13299 85
13300 8
13385 9
13396 34
13406 1842
13433 131
13434 175
13435 217
13436 2994
13454 8
13455 221
13457 174
13458 435
13459 285
13460 85
13461 85
13462 84
13463 9
13485 8
13496 9
13534 875
13535 450
13540 25
13541 416
13545 9
13546 883
13556 467
13561 425
13566 806
13576 392
13577 435
13578 75
13596 9
13607 8
13905 875
13915 8
13946 883
13947 892
13957 69
13958 218
13959 218
13960 218
13961 218
13962 218
13963 217
13964 218
13965 218
13966 218
13967 174
13968 218
13969 218
13970 218
13971 218
13972 218
13973 218
13974 2557
13987 59
13988 435
13989 425
13990 84
13991 85
13992 85
13993 85
13994 85
13995 85
13996 85
13997 85
13998 85
13999 85
14000 8
14116 9
14173 61
14174 174
14175 218
14176 218
14177 218
14178 218
14179 1667
14190 892
14195 892
14420 8
14431 9
14441 2531
14484 9
14523 1598
14524 892
14534 892
14545 187
14565 2121
14566 258
14567 77
14585 8
14595 9
14606 875
14639 891
14640 892
14650 8
14651 510
14657 373
14661 824
14681 392
14682 435
14683 58
14701 8
14722 9
14732 875
14755 891
14756 111
14757 781
14766 102
14767 790
14776 823
14786 304
14787 435
14788 120
15209 8
15247 544
15248 348
15252 102
15253 790
15262 25
15263 218
15264 218
15265 218
15266 218
15267 218
15268 174
15269 218
15270 218
15271 87
15288 44
15377 2222
15534 44
15545 5380
15555 229
15558 501
15564 161
15565 9
15566 192
15567 391
15568 434
15569 146
15570 85
15571 68
15596 8
15702 340
15713 8
15739 518
15740 365
15744 637
15751 247
15754 288
15757 612
15760 8
15761 192
15762 218
15763 43
15801 44
16005 4220
16032 892
16042 8
16043 192
16044 218
16045 218
16046 130
16064 44
16095 3959
16205 8
16225 9
16239 3674
16240 293
16241 85
16242 85
16243 85
16244 85
16245 85
16246 17
16274 653
16282 261
16283 435
16284 214
16285 85
16286 85
16287 85
16288 17
16315 9
16326 8
16336 875
16359 8
16360 128
16361 755
16369 9
16370 883
16380 892
16381 424
16386 399
16391 392
16392 435
16393 41
16509 8
16519 9
16540 781
16566 59
16567 51
16568 184
16569 218
16570 218
16571 174
16588 43
16908 3713
16918 8
16929 9
16974 4179
17206 773
17216 102
17237 44
17247 44
17272 130
17273 175
17274 218
17275 217
17276 218
17277 218
17278 218
17279 218
17280 218
17281 218
17282 609
17283 4106
17293 88
17294 435
17295 353
17296 85
17297 85
17298 85
17299 85
17300 8
17811 9
17821 8
17831 9
17852 175
17853 218
17854 218
17855 217
17856 218
17857 218
17858 218
17859 218
17860 218
17861 218
17862 218
17863 174
17873 87
18407 44
18435 915
18436 4303
18457 4185
18458 87
18477 1162
18487 8
18498 9
18606 764
18626 238
18650 204
18651 891
18652 620
18659 114
18660 218
18661 43
18691 4101
18692 435
18693 125
18694 85
18695 42
18732 391
18753 9
18763 8
18773 9
18808 44
18833 87
18834 4242
18855 408
18859 88
18860 740
18862 589
18866 262
18867 436
18868 213
18869 85
18870 85
18871 85
18872 84
18873 85
18874 85
18875 85
18876 85
18877 85
18878 85
18879 85
18880 85
18881 85
18882 85
18883 85
18884 84
18885 85
18886 85
18887 85
18888 85
18889 85
18890 85
18891 85
18892 85
18893 76
18908 297
18918 213
18941 17
18951 8
18972 9
19002 204
19003 602
19005 858
19015 2365
19023 1172
19027 262
19028 436
19029 213
19030 85
19031 84
19032 85
19033 85
19034 85
19035 85
19036 85
19037 85
19038 85
19039 85
19040 85
19041 85
19042 85
19043 85
19044 84
19045 85
19046 85
19047 85
19048 85
19049 85
19050 85
19051 85
19052 85
19053 85
19054 85
19055 85
19056 84
19057 85
19058 85
19059 85
19060 85
19061 85
19062 85
19063 85
19064 85
19065 85
19066 85
19067 85
19068 84
19069 85
19070 85
19071 85
19072 85
19073 85
19074 85
19075 85
19076 85
19077 85
19078 85
19079 85
19080 84
19081 85
19082 85
19083 85
19084 85
19085 85
19086 85
19087 85
19088 85
19089 85
19090 85
19091 85
19092 85
19093 84
19094 85
19095 85
19096 85
19097 85
19098 85
19099 85
19100 85
19101 85
19102 85
19103 85
19104 85
19105 84
19106 85
19107 85
19108 85
19109 85
19110 85
19111 85
19112 85
19113 85
19114 85
19115 85
19116 85
19117 84
19118 85
19119 85
19120 85
19121 85
19122 85
19123 85
19124 85
19125 85
19126 85
19127 85
19128 85
19129 84
19130 85
19131 85
19132 85
19133 85
19134 85
19135 85
19136 85
19137 76
19157 1707
19158 85
19159 85
19160 85
19161 85
19162 85
19163 85
19164 85
19165 85
19166 84
19167 85
19168 85
19169 85
19170 85
19171 85
19172 85
19173 85
19174 85
19175 85
19176 17
19188 1087
19189 85
19190 85
19191 84
19192 85
19193 85
19194 85
19195 85
19196 85
19197 85
19198 85
19199 85
19200 85
19201 85
19202 85
19203 84
19204 85
19205 85
19206 77
19229 68
19240 501
19250 93
19260 951
19286 1546
19287 1885
19288 218
19289 435
19290 248
19291 85
19292 85
19293 85
19294 17
19406 9
19416 8
19450 484
19460 9
19471 8
19494 140
19495 87
19604 44
19623 6891
19644 217
19645 435
19646 248
19647 85
19648 85
19649 85
19650 85
19651 85
19652 85
19653 85
19654 85
19655 85
19656 85
19657 84
19658 85
19659 85
19660 85
19661 85
19662 85
19663 85
19664 85
19665 17
19685 263
19696 9
19716 8
19739 1868
19740 714
19741 1783
19761 218
19762 436
19763 248
19764 85
19765 85
19766 76
19792 77
19802 2989
19803 85
19804 84
19805 85
19806 85
19807 85
19808 85
19809 85
19810 51
19840 730
19848 174
19849 435
19850 285
19851 85
19852 85
19853 84
19854 85
19855 85
19856 85
19857 85
19858 85
19859 85
19860 85
19861 85
19862 85
19863 85
19864 85
19865 84
19866 85
19867 85
19868 85
19869 85
19870 85
19871 85
19872 85
19873 85
19874 85
19875 85
19876 85
19877 85
19878 84
19879 85
19880 85
19881 85
19882 85
19883 85
19884 85
19885 85
19886 85
19887 85
19888 85
19889 85
19890 84
19891 85
19892 85
19893 85
19894 85
19895 9
19912 59
19966 365
19967 433
19972 2650
19988 849
19997 44
19998 436
19999 388
20000 84
20001 85
20002 85
20003 85
20004 85
20005 85
20006 85
20007 85
20008 85
20009 85
20010 85
20011 85
20012 85
20013 84
20014 85
20015 85
20016 85
20017 85
20018 85
20019 85
20020 85
20021 85
20022 85
20023 85
20024 85
20025 84
20026 85
20027 85
20028 85
20029 85
20030 85
20031 85
20032 85
20033 85
20034 85
20035 85
20036 85
20037 84
20038 85
20039 85
20040 85
20041 85
20042 85
20043 85
20044 85
20045 85
20046 85
20096 560
20116 44
20205 44
20216 43
20238 175
20239 1183
20246 1596
20259 1087
20263 175
20264 218
20265 218
20266 1966
20279 218
20280 434
20281 250
20282 85
20283 84
20284 77
20310 8
20320 1283
20356 1723
20357 1368
20369 262
20370 435
20371 213
20372 85
20373 85
20374 85
20375 85
20376 85
20377 85
20378 85
20379 85
20380 85
20381 42
20411 229
20421 9
20432 8
20455 119
20456 4377
20457 434
20458 87
20479 435
20480 423
20481 85
20482 26
20511 25
20532 1486
20542 9
20609 8
20619 140
20643 3200
20644 479
20645 218
20646 218
20647 1684
20658 357
20662 305
20663 435
20664 178
20665 85
20666 85
20667 85
20668 85
20669 85
20670 85
20671 85
20672 85
20673 85
20714 8
20725 9
20749 2199
20750 1427
20805 730
20814 348
20815 435
20816 144
20817 85
20818 85
20819 85
20820 85
20821 85
20822 84
20823 85
20824 85
20825 85
20826 85
20827 85
20828 85
20829 85
20830 85
20831 85
20832 85
20833 85
20834 85
20835 84
20836 85
20837 85
20838 17
20867 731
20877 8
20888 3575
20889 85
20890 85
20891 85
20892 85
20893 85
20894 85
20895 85
20896 84
20897 85
20898 34
20919 348
20920 435
20921 119
20939 1554
20940 85
20941 8
20970 2539
20971 85
20972 85
20973 85
20974 85
20975 85
20976 76
21043 1971
21053 8
21063 9
21084 8
21112 44
21113 174
21114 2366
21134 3055
21135 435
21136 214
21137 85
21138 85
21139 85
21140 85
21141 84
21142 85
21143 85
21144 85
21145 85
21146 85
21147 85
21148 85
21149 85
21150 85
21151 42
21165 43
21175 1341
21185 1546
21186 85
21187 85
21188 85
21189 85
21190 84
21191 85
21192 85
21193 85
21194 85
21195 85
21196 85
21197 85
21198 85
21199 85
21200 85
21201 85
21202 85
21203 84
21204 85
21205 85
21206 85
21207 85
21208 85
21209 85
21210 85
21211 85
21212 85
21213 85
21214 85
21215 84
21216 85
21217 85
21218 85
21219 85
21220 85
21221 85
21222 85
21223 85
21224 85
21225 85
21226 85
21227 84
21228 85
21229 85
21230 85
21231 85
21232 85
21233 85
21234 85
21235 85
21236 85
21237 85
21238 85
21239 84
21240 85
21241 85
21242 85
21243 85
21244 85
21245 85
21246 85
21247 85
21248 85
21249 85
21250 85
21251 85
21252 84
21253 85
21254 85
21255 85
21256 85
21257 85
21258 85
21259 85
21260 17
21288 8
21299 535
21331 43
21332 2895
21333 892
21344 349
21345 436
21346 143
21347 85
21348 85
21349 85
21350 84
21351 85
21352 85
21353 85
21354 85
21355 85
21356 85
21357 85
21358 85
21359 85
21360 85
21361 85
21362 84
21363 51
21376 204
21386 476
21396 195
21409 9
21419 8
21430 323
21456 187
21457 738
21465 467
21471 3373
21477 131
21478 434
21479 320
21480 85
21481 85
21482 51
21498 586
21508 8
21518 892
21529 8
21539 9
21549 382
21572 4008
21593 174
21594 435
21595 284
21596 85
21597 85
21598 85
21599 85
21600 9
21642 8
21653 9
21663 8
21702 131
21703 2722
21724 2804
21725 435
21726 108
21727 85
21728 85
21729 85
21730 84
21731 85
21744 238
21754 1707
21755 93
21756 85
21757 85
21758 85
21759 85
21760 85
21761 85
21762 85
21763 85
21764 85
21765 85
21766 85
21767 84
21768 85
21769 85
21770 85
21771 85
21772 85
21773 85
21774 8
21816 111
21845 4246
21846 349
21847 436
21848 142
21849 85
21850 85
21851 85
21852 85
21853 84
21854 85
21855 85
21856 85
21857 85
21858 85
21859 85
21860 85
21861 85
21862 85
21863 85
21864 85
21865 84
21866 85
21867 85
21868 85
21869 85
21870 85
21871 85
21872 85
21873 85
21874 85
21875 85
21876 85
21877 84
21878 85
21879 85
21880 85
21881 85
21882 85
21883 85
21884 85
21885 85
21886 85
21887 85
21888 85
21889 84
21890 85
21891 85
21892 85
21893 85
21894 85
21895 85
21896 85
21897 85
21898 85
21899 85
21900 85
21901 85
21902 84
21903 9
21979 8
22025 1954
22026 175
22027 218
22028 1991
22044 1121
22047 435
22048 425
22049 84
22050 85
22051 85
22052 85
22053 85
22054 85
22055 85
22056 85
22057 85
22058 85
22059 85
22060 85
22061 84
22062 85
22063 85
22064 85
22065 85
22066 85
22067 85
22068 85
22069 85
22070 85
22071 85
22072 85
22073 84
22074 85
22075 85
22076 85
22077 85
22078 85
22079 85
22080 85
22081 85
22082 85
22083 85
22084 85
22085 85
22086 84
22087 85
22088 85
22089 85
22090 85
22091 85
22092 85
22093 85
22094 85
22095 85
22096 85
22097 85
22098 84
22099 85
22100 9
22132 8
22142 9
22152 2107
22182 162
22183 679
22201 136
22203 959
22210 535
22216 484
22222 349
22223 436
22224 142
22225 85
22226 85
22227 85
22228 85
22229 85
22230 85
22231 85
22232 85
22233 84
22234 85
22235 85
22236 85
22237 85
22238 85
22239 85
22240 85
22241 85
22242 85
22243 51
22264 25
22274 2641
22275 85
22276 85
22277 85
22278 85
22279 85
22280 85
22281 85
22282 84
22283 85
22284 85
22285 85
22286 85
22287 85
22288 85
22289 85
22290 85
22291 85
22292 85
22293 85
22294 84
22295 85
22296 85
22297 85
22298 85
22299 85
22300 85
22301 85
22302 85
22303 85
22304 85
22305 85
22306 85
22307 84
22308 85
22309 85
22310 85
22311 85
22312 85
22313 85
22314 85
22315 85
22316 85
22317 85
22318 85
22319 84
22320 85
22321 85
22322 85
22323 85
22324 85
22325 85
22326 85
22346 1698
22347 85
22348 85
22349 85
22350 85
22351 85
22352 85
22353 85
22354 85
22355 85
22356 84
22357 85
22358 85
22359 85
22360 85
22361 85
22362 85
22363 85
22364 85
22365 85
22366 85
22367 85
22368 84
22369 85
22370 85
22371 85
22372 85
22373 85
22374 85
22375 85
22376 85
22377 85
22378 85
22379 85
22380 84
22381 85
22382 85
22383 85
22384 85
22385 85
22386 85
22387 85
22388 85
22389 85
22408 857
22429 9
22439 8
22449 3839
22471 543
22472 131
22473 436
22474 318
22475 85
22476 85
22477 85
22478 84
22479 85
22480 85
22481 85
22482 85
22483 85
22484 85
22485 85
22486 85
22487 85
22488 85
22489 17
22503 925
22524 9
22544 8
22571 1486
22572 833
22582 416
22586 8
22587 1622
22593 305
22594 436
22595 178
22596 85
22597 85
22598 85
22599 85
22600 85
22601 84
22602 85
22603 9
22613 221
22624 365
22634 2123
22635 85
22636 85
22637 85
22638 84
22639 85
22640 85
22641 34
22655 391
22675 8
22686 9
22717 3465
22718 246
22719 560
22726 94
22727 218
22728 436
22729 231
22749 1715
22750 85
22751 85
22752 85
22753 85
22754 85
22755 85
22756 85
22757 85
22758 85
22759 85
22760 84
22761 85
22762 85
22763 85
22764 85
22765 85
22766 85
22767 85
22768 51
22780 110
22790 1079
22821 3346
22822 84
22823 85
22824 85
22825 85
22826 85
22827 85
22828 85
22829 85
22830 85
22831 85
22832 85
22833 85
22834 84
22835 43
22862 2335
22863 85
22864 85
22865 85
22866 85
22867 85
22868 85
22869 85
22870 42
22883 9
22903 348
23110 8
23131 9
23151 3931
23178 828
23181 574
23185 262
23186 435
23187 214
23188 85
23189 85
23190 84
23191 85
23192 85
23193 77
23209 526
23219 9
23271 4254
23272 364
23273 435
23274 131
23292 32
23311 8
23321 128
23332 8
23357 408
23358 3203
23370 9
23371 1443
23379 262
23380 436
23381 212
23382 85
23383 85
23384 85
23385 85
23386 84
23387 85
23388 85
23389 85
23390 85
23391 85
23392 85
23393 85
23394 85
23395 85
23396 85
23397 85
23398 84
23399 85
23400 9
23526 8
23536 9
23547 8
23574 175
23575 218
23576 87
23706 43
23726 131
23752 5921
23753 130
23774 349
23775 435
23776 144
23777 85
23778 76
23794 17
23815 8
23825 1775
23850 561
23851 68
23852 186
23854 790
23863 162
23865 832
23872 305
23873 436
23874 178
23875 85
23876 85
23877 84
23878 85
23879 85
23880 85
23881 85
23882 85
23883 85
23884 25
23903 17
23934 136
23955 306
23956 900
23957 2004
23977 1194
23978 435
23979 283
23980 85
23981 85
23982 85
23983 85
23984 85
23985 85
23986 85
23987 84
23988 85
23989 85
23990 85
23991 85
23992 85
23993 85
23994 85
23995 85
23996 85
23997 85
23998 85
23999 84
24000 9
24126 8
24173 105
24174 174
24175 218
24176 218
24177 218
24178 218
24179 1020
24184 3397
24195 416
24199 88
24200 43
24232 44
24242 43
24252 1726
24287 433
24288 1571
24308 144
24309 1232
24323 262
24324 436
24325 212
24326 85
24327 85
24328 85
24329 85
24330 85
24331 84
24332 85
24333 85
24334 85
24335 85
24336 85
24337 85
24338 85
24339 85
24340 85
24341 85
24342 85
24343 84
24344 85
24345 85
24346 85
24347 85
24348 85
24349 85
24350 85
24351 85
24352 85
24353 85
24354 85
24355 84
24356 85
24357 85
24358 85
24359 85
24360 85
24361 85
24362 85
24363 85
24364 85
24365 85
24366 85
24367 84
24368 85
24369 85
24370 85
24371 85
24372 26
24386 1248
24387 85
24388 85
24389 85
24390 85
24391 85
24392 84
24393 85
24394 85
24395 85
24396 85
24397 85
24398 85
24399 85
24400 59
24417 1469
24418 85
24419 85
24420 85
24421 85
24422 85
24423 85
24424 85
24425 85
24426 85
24427 85
24428 85
24429 84
24430 85
24431 85
24432 85
24433 85
24434 85
24435 85
24436 85
24437 85
24438 85
24439 85
24440 85
24441 84
24442 85
24443 85
24444 85
24445 85
24446 85
24447 85
24448 85
24449 85
24450 85
24451 85
24472 88
24473 435
24474 354
24475 85
24476 17
24493 8
24514 9
24585 246
24609 892
24610 874
24620 722
24628 246
24630 663
24638 237
24641 175
24642 218
24643 218
24644 1097
24650 305
24651 435
24652 179
24653 85
24654 85
24655 85
24656 85
24657 85
24658 85
24659 85
24660 85
24661 85
24662 84
24663 85
24664 85
24665 85
24666 85
24667 85
24668 85
24669 85
24670 85
24671 85
24672 85
24673 85
24674 84
24675 85
24676 85
24677 85
24678 85
24679 85
24711 1444
24723 8
24733 9
24743 246
24753 8
24764 9
25002 5456
25023 392
25024 435
25025 109
25026 85
25027 85
25028 85
25029 85
25030 84
25031 85
25032 85
25033 85
25034 85
25035 85
25036 85
25037 85
25038 85
25039 85
25040 85
25041 85
25042 84
25043 85
25044 85
25045 85
25046 85
25047 85
25048 85
25049 85
25050 85
25051 85
25052 85
25053 85
25054 84
25055 17
25074 9
25084 8
25095 349
25206 866
25233 2352
25234 229
25236 26
25237 218
25238 218
25239 218
25240 218
25241 218
25242 1455
25250 175
25251 435
25252 283
25253 85
25254 85
25255 85
25256 85
25257 17
25272 815
25282 1376
25283 85
25284 85
25285 85
25286 85
25287 84
25288 85
25289 85
25290 85
25291 85
25292 9
25311 679
25342 8
25352 9
25381 1878
25382 3264
25383 43
25403 44
25413 43
25424 1228
25434 8
25463 255
25464 798
25611 3722
25612 435
25631 31
25644 1036
25654 2346
25655 84
25656 85
25657 85
25658 68
25803 111
25843 34
25866 1392
25895 175
25896 174
25897 218
25898 218
25899 218
25900 218
25901 740
25904 905
25912 88
25913 3464
25916 88
25917 435
25918 353
25919 85
25920 85
25921 85
25922 85
25923 85
25924 85
25925 84
25926 85
25927 85
25928 85
25929 85
25930 85
25931 85
25932 85
25933 85
25934 85
25935 85
25936 85
25937 84
25938 85
25939 85
25940 85
25941 85
25942 85
25943 85
25944 85
25945 85
25946 85
25947 85
25948 85
25949 8
25968 9
25978 8
25988 3363
25989 93
25990 85
25991 85
25992 85
25993 85
25994 85
25995 85
25996 85
25997 85
25998 42
26053 136
26063 8
26084 9
26094 8
26214 44
26215 174
26216 218
26217 2373
26236 2437
26240 25
26241 218
26242 218
26243 218
26244 218
26245 262
26246 435
26247 388
26248 85
26249 85
26250 85
26251 42
26298 17
26322 2387
26323 85
26324 101
26325 17
26326 1750
26344 262
26345 436
26346 212
26347 85
26348 85
26349 85
26350 85
26351 85
26352 68
26385 229
26395 8
26426 179
26429 4178
26438 349
26439 130
26458 1527
26479 917
26489 2157
26490 93
26491 85
26492 85
26493 85
26494 85
26495 85
26496 85
26497 85
26498 85
26499 85
26500 8
26616 9
26626 8
26636 9
26647 44
26674 131
26675 218
26676 218
26677 217
26678 218
26679 784
26682 87
26683 161
26684 3949
26695 131
26696 435
26697 319
26698 84
26699 85
26700 9
26901 8
26911 9
26932 8
26966 175
26967 653
26970 218
26971 218
26972 218
26973 174
27007 44
27026 6051
27027 231
27028 85
27029 34
27050 349
27051 436
27052 143
27053 85
27054 84
27055 85
27056 85
27057 85
27058 85
27059 26
27070 993
27071 85
27072 85
27073 85
27074 85
27075 85
27076 85
27077 85
27078 84
27079 85
27080 85
27081 85
27082 85
27083 85
27084 85
27085 85
27086 85
27087 85
27088 85
27089 85
27090 85
27091 84
27092 85
27093 85
27094 85
27095 85
27096 85
27097 85
27098 85
27099 85
27100 8
27122 9
27132 8
27206 3592
27233 175
27234 174
27235 218
27236 1395
27245 218
27246 436
27247 248
27248 85
27249 85
27250 67
27267 9
27297 2114
27322 1019
27323 306
27326 17
27327 909
27337 175
27338 435
27339 283
27340 85
27341 85
27342 85
27343 85
27344 85
27345 85
27346 85
27347 85
27348 84
27349 85
27350 85
27351 85
27352 85
27353 85
27354 85
27355 85
27356 85
27357 85
27358 85
27359 85
27360 84
27361 85
27362 85
27363 85
27364 85
27365 85
27366 85
27367 85
27368 85
27369 85
27370 85
27371 85
27372 85
27373 84
27374 85
27375 85
27376 85
27377 85
27378 85
27379 85
27380 85
27381 85
27382 8
27402 51
27423 85
27433 9
27444 339
27465 3967
27466 77
27467 688
27475 436
27487 44
27538 787
27605 1554
27615 8
27625 9
27636 518
27663 44
27664 174
27665 1080
27671 44
27685 44
27742 261
27762 44
27788 174
27809 5892
27810 130
27831 392
27832 435
27833 108
27834 85
27835 85
27836 85
27837 85
27838 85
27839 84
27840 85
27841 85
27842 85
27843 85
27844 85
27845 85
27846 85
27847 85
27848 85
27849 85
27850 85
27851 84
27852 85
27853 68
27882 9
27925 739
27926 2021
27946 1588
27957 436
27958 424
27959 85
27960 85
27961 84
27962 85
27963 85
27964 85
27965 85
27966 85
27967 85
27968 85
27969 85
27970 85
27971 85
27972 85
27973 85
27974 84
27975 26
28009 25
28019 17
28047 450
28050 9
28051 85
28052 93
28053 1427
28068 2284
28088 175
28089 435
28090 283
28091 85
28092 85
28093 85
28094 85
28095 85
28096 84
28097 85
28098 85
28099 85
28100 85
28101 85
28102 17
28119 416
28129 9
28140 8
28150 1096
28178 8
28179 671
28180 892
28190 908
28200 179
28202 628
28209 44
28210 436
28211 388
28212 85
28213 68
28252 3329
28253 85
28254 85
28255 85
28256 84
28257 85
28258 85
28259 85
28260 85
28261 85
28262 85
28263 85
28264 85
28265 8
28285 44
28286 87
28306 2350
28307 85
28308 85
28309 85
28310 85
28311 85
28327 1359
28328 85
28329 84
28330 85
28331 85
28332 85
28333 85
28334 85
28335 85
28336 85
28337 85
28338 85
28339 85
28340 85
28341 85
28342 84
28343 85
28344 85
28345 85
28346 85
28347 85
28348 85
28349 85
28350 85
28351 85
28352 85
28353 85
28354 84
28355 85
28356 85
28357 85
28358 85
28359 85
28360 85
28361 85
28362 85
28363 85
28364 85
28365 85
28366 84
28367 85
28368 85
28369 85
28370 85
28371 85
28372 85
28373 85
28374 85
28375 85
28376 85
28377 85
28378 85
28379 84
28380 85
28381 85
28382 85
28383 85
28384 85
28385 85
28386 85
28387 85
28388 85
28389 85
28390 85
28391 84
28392 85
28393 85
28394 85
28395 85
28396 85
28397 85
28398 85
28399 85
28400 85
28401 85
28402 85
28403 84
28404 85
28405 85
28406 85
28407 85
28408 43
28419 976
28420 85
28421 85
28422 85
28423 85
28424 85
28425 85
28426 85
28427 85
28428 84
28429 85
28430 85
28431 77
28461 8
28471 9
28481 654
28522 1766
28524 221
28527 1732
28542 88
28543 435
28544 353
28545 85
28546 76
28606 77
28626 433
28670 175
28671 174
28672 1169
28676 1563
28691 17
28692 1944
28711 88
28712 435
28713 353
28714 9
28732 68
28753 3320
28754 85
28755 85
28756 85
28757 85
28758 85
28759 84
28760 85
28761 85
28762 85
28763 77
28794 2641
28795 85
28796 84
28797 85
28798 85
28799 85
28800 9
28842 8
28873 9
28906 8
28933 175
28934 2941
28954 1547
28955 1501
28963 392
28964 436
28965 108
28966 85
28967 84
28968 85
28969 85
28970 85
28971 85
28972 85
28973 85
28974 85
28975 85
28976 85
28977 85
28978 85
28979 85
28980 84
28981 85
28982 85
28983 85
28984 85
28985 85
28986 85
28987 85
28988 85
28989 85
28990 85
28991 85
28992 84
28993 85
28994 85
28995 85
28996 85
28997 85
28998 85
28999 85
29000 85
29001 85
29002 85
29003 85
29004 84
29005 85
29006 85
29007 85
29008 85
29009 85
29010 85
29011 85
29012 85
29013 85
29014 85
29015 85
29016 84
29017 85
29018 85
29019 85
29020 85
29021 85
29022 85
29023 85
29024 85
29025 68
29046 175
29047 391
29087 3622
29088 102
29089 85
29090 84
29091 85
29092 85
29093 85
29094 85
29095 85
29096 85
29097 85
29098 85
29099 25
29120 392
29121 435
29122 109
29123 85
29124 85
29125 85
29126 25
29140 1248
29141 85
29142 85
29143 85
29144 85
29145 85
29146 85
29147 85
29148 85
29149 85
29150 85
29151 84
29152 85
29153 85
29154 85
29155 85
29156 85
29157 85
29158 85
29159 85
29160 42
29171 9
29192 8
29202 230
29232 687
29240 790
29249 900
29253 17
29254 1147
29267 603
29273 88
29274 435
29275 304
29304 49
29315 2047
29347 2318
29348 305
29349 436
29350 178
29351 85
29352 85
29353 85
29354 85
29355 85
29356 85
29357 85
29358 85
29359 85
29360 84
29361 60
29379 8
29390 2219
29400 175
29432 43
29452 1278
29473 340
29477 1876
29494 1412
29497 436
29498 422
29499 85
29500 85
29501 85
29502 85
29503 25
29525 298
29535 34
29556 33
29578 4340
29579 218
29580 435
29581 248
29582 85
29583 85
29584 85
29585 85
29586 85
29587 85
29588 85
29589 85
29590 85
29591 85
29592 85
29593 84
29594 85
29595 85
29596 85
29597 85
29598 85
29599 85
29600 85
29601 85
29602 76
29620 77
29631 186
29651 1172
29677 1308
29678 170
29680 1724
29699 392
29700 435
29701 109
29702 85
29703 84
29704 85
29705 85
29706 85
29707 85
29708 85
29709 85
29710 85
29711 85
29712 85
29713 85
29730 8
29740 9
29760 1944
29785 612
29786 1991
29787 435
29788 285
29789 84
29790 85
29791 85
29792 85
29793 85
29794 85
29795 85
29796 85
29797 85
29798 85
29799 85
29800 8
29848 9
29871 3294
29872 281
29875 305
29879 467
29884 218
29885 435
29886 249
29887 84
29888 85
29889 85
29890 85
29891 85
29892 85
29893 85
29894 85
29895 85
29896 85
29897 85
29898 85
29899 85
29900 84
29901 85
29902 85
29903 85
29904 85
29905 85
29906 85
29907 85
29908 85
29909 85
29910 85
29911 85
29912 84
29913 85
29914 85
29915 77
29936 518
29947 25
29993 408
29994 76
29995 391
29999 416
30004 68
30005 110
30006 136
30008 951
30015 493
30020 543
30027 748
30035 435
30036 424
30065 9
30076 1885
30086 9
30153 424
30208 3032
30218 8
30249 9
30274 139
30275 175
30276 1119
30281 175
30282 174
30295 4847
30296 435
30297 424
30298 85
30299 85
30300 8
30321 87
30322 436
30323 388
30324 85
30325 85
30326 85
30327 85
30328 85
30329 84
30330 85
30331 85
30332 85
30333 85
30334 85
30335 85
30336 85
30337 85
30338 85
30339 85
30340 85
30341 84
30342 85
30343 85
30344 85
30345 85
30346 85
30347 85
30348 85
30349 85
30350 85
30351 85
30352 85
30353 84
30354 85
30355 85
30356 85
30357 85
30358 85
30359 85
30360 85
30361 85
30362 85
30363 85
30364 85
30365 85
30366 84
30367 85
30368 85
30369 85
30370 85
30371 85
30372 85
30373 85
30374 85
30375 85
30376 85
30377 85
30378 84
30379 17
30393 1257
30394 85
30395 85
30396 85
30397 85
30398 85
30399 85
30400 8
30414 9
30471 4348
30472 349
30473 435
30474 43
30492 1629
30493 85
30494 85
30495 85
30496 85
30497 85
30498 85
30499 85
30500 85
30501 84
30502 85
30503 85
30504 85
30505 85
30506 85
30507 85
30508 85
30509 85
30510 85
30511 85
30512 85
30513 84
30514 85
30515 85
30516 85
30517 85
30518 85
30519 85
30520 85
30521 85
30522 85
30523 85
30524 85
30525 84
30526 85
30527 85
30528 85
30529 85
30530 85
30531 85
30532 85
30533 85
30534 85
30535 85
30536 85
30537 84
30538 85
30539 85
30540 85
30541 85
30542 85
30543 85
30544 85
30545 85
30546 85
30547 85
30548 85
30549 85
30550 84
30551 85
30552 85
30553 85
30554 85
30555 85
30556 85
30557 85
30558 85
30559 85
30560 85
30561 85
30562 84
30563 85
30564 85
30565 85
30566 85
30567 85
30568 85
30569 85
30570 85
30571 59
30585 1121
30622 1045
30676 246
30686 8
30806 9
30816 8
30845 44
30846 959
30850 87
30851 218
30852 2460
30867 596
30868 218
30869 218
30870 218
30871 218
30872 218
30873 2481
30887 305
30888 435
30889 179
30890 85
30891 85
30892 85
30893 84
30894 85
30895 85
30896 85
30897 85
30898 85
30899 85
30900 8
30918 9
30928 8
30938 3287
30939 85
30940 85
30941 85
30942 84
30943 85
30944 85
30945 85
30946 85
30947 85
30948 85
30949 85
30950 85
30951 85
30952 85
30953 85
30954 85
30955 84
30956 85
30957 85
30958 85
30959 85
30960 85
30961 85
30962 85
30963 85
30964 85
30965 85
30966 85
30967 84
30968 85
30969 85
30970 85
30971 85
30972 85
30973 85
30974 85
30975 85
30990 25
31000 77
31033 59
31059 1885
31080 204
31096 3577
31097 256
31098 85
31099 85
31100 8
31116 9
31137 8
31147 3151
31171 1222
31172 175
31173 174
31193 2158
31194 85
31195 85
31196 85
31197 85
31198 85
31199 85
31200 84
31201 85
31202 85
31203 85
31204 85
31205 85
31206 85
31207 85
31208 85
31209 85
31210 85
31211 85
31212 84
31213 85
31214 85
31215 85
31216 85
31217 85
31218 85
31219 17
31255 3125
31256 85
31257 85
31258 85
31259 85
31260 85
31261 84
31262 85
31263 85
31264 85
31265 85
31266 85
31267 85
31268 85
31269 85
31270 85
31271 85
31272 85
31273 84
31274 85
31275 85
31276 85
31277 34
31316 9
31327 1919
31351 1707
31391 1132
31392 435
31393 117
31394 85
31505 433
31526 8
31536 9
31547 44
31574 131
31575 218
31576 218
31577 217
31578 218
31579 2951
31595 544
31602 475
31607 1011
31615 175
31616 435
31617 283
31618 85
31619 85
31620 85
31621 85
31622 85
31623 85
31624 85
31625 85
31626 85
31627 85
31628 85
31629 84
31630 85
31631 85
31632 85
31633 85
31634 85
31635 85
31636 85
31637 85
31638 85
31639 85
31640 85
31641 84
31642 85
31643 85
31644 85
31645 85
31646 85
31647 85
31648 85
31649 85
31650 85
31651 85
31652 85
31653 85
31654 84
31655 85
31656 85
31657 85
31658 85
31659 85
31660 85
31661 85
31662 85
31663 85
31664 85
31665 85
31666 84
31667 85
31668 85
31669 85
31670 85
31671 85
31672 85
31673 85
31674 85
31675 85
31676 85
31677 85
31678 84
31679 85
31680 85
31681 85
31682 85
31683 85
31684 85
31685 85
31686 85
31687 85
31688 85
31689 85
31690 85
31691 84
31692 51
31708 17
31718 2225
31719 85
31720 85
31721 17
31739 221
31759 8
31770 9
31796 637
31797 399
31802 2182
31817 1147
31841 218
31842 436
31843 248
31844 85
31845 85
31846 85
31847 85
31848 85
31849 85
31850 84
31851 85
31852 85
31853 85
31854 85
31855 85
31856 85
31857 85
31858 85
31859 85
31860 85
31861 85
31862 84
31863 85
31864 85
31865 85
31866 85
31867 85
31868 85
31869 85
31870 85
31871 85
31872 85
31873 85
31874 85
31875 84
31876 85
31877 85
31878 85
31879 85
31880 85
31881 85
31882 85
31883 17
32006 8
32016 94
32026 8
32036 136
32058 841
32059 17
32079 4242
32080 782
32089 349
32090 436
32091 142
32092 85
32093 85
32094 85
32095 84
32206 349
32216 8
32226 9
32236 8
32274 175
32275 218
32276 43
32315 44
32422 5747
32444 305
32445 261
32446 436
32447 213
32448 85
32449 85
32450 85
32451 84
32452 85
32453 85
32454 85
32455 85
32456 85
32457 85
32458 85
32459 85
32460 85
32461 85
32462 85
32463 84
32464 85
32465 85
32466 85
32467 85
32468 68
32485 68
32497 9
32517 8
32551 289
32552 730
32559 204
32561 8
32573 3050
32635 60
32636 713
32641 218
32642 436
32643 248
32644 85
32645 85
32646 85
32647 84
32648 85
32649 85
32650 85
32651 85
32652 85
32653 85
32654 85
32655 85
32656 85
32657 85
32658 85
32659 59
32672 1129
32673 85
32674 85
32675 85
32676 85
32677 85
32678 85
32679 85
32680 85
32681 85
32682 85
32683 85
32684 84
32685 85
32686 85
32687 85
32688 85
32689 85
32690 85
32691 85
32692 85
32693 85
32694 85
32695 85
32696 84
32697 85
32698 85
32699 85
32700 85
32701 85
32702 85
32703 85
32704 85
32705 85
32706 85
32707 85
32708 85
32709 84
32710 85
32711 85
32712 85
32713 85
32714 85
32715 85
32716 85
32717 85
32718 85
32719 85
32720 85
32721 84
32722 85
32723 77
32785 238
32787 1672
32805 595
32807 917
32818 261
32819 435
32820 214
32821 85
32822 85
32823 85
32824 85
32825 85
32826 85
32827 85
32828 85
32829 85
32830 85
32831 84
32832 85
32833 85
32834 85
32835 85
32836 85
32837 85
32838 85
32839 85
32840 85
32841 85
32842 85
32843 85
32844 84
32845 85
32846 85
32847 85
32848 85
32849 85
32850 85
32851 85
32852 85
32853 85
32854 85
32855 85
32856 84
32857 85
32858 85
32859 85
32860 85
32861 85
32862 85
32863 85
32864 85
32865 85
32866 76
32901 51
32938 2386
32939 1130
32947 17
32948 424
32953 145
32954 203
32957 131
32968 44
32978 2375
32979 84
32980 85
32981 85
32982 85
32983 85
32984 85
32985 85
32986 85
32987 85
32988 85
32989 85
32990 85
32991 84
32992 85
32993 85
32994 85
32995 85
32996 85
32997 85
32998 85
32999 85
33000 85
33001 85
33002 85
33003 84
33004 85
33005 85
33006 85
33007 26
33019 42
33043 128
33053 93
33091 841
33099 594
33157 178
33159 1710
33163 1647
33332 88
33333 435
33334 353
33335 85
33336 26
33346 218
33347 436
33348 247
33349 85
33350 85
33351 85
33352 85
33353 85
33354 85
33355 85
33356 85
33357 85
33358 85
33359 84
33360 43
33413 44
33423 44
33473 130
33474 3607
33494 1095
33585 607
33678 1762
33688 3397
33709 218
33710 436
33711 248
33712 85
33713 85
33714 85
33715 84
33716 85
33717 85
33718 85
33719 85
33720 85
33721 85
33722 85
33723 85
33724 85
33725 85
33726 85
33727 84
33728 85
33729 85
33730 85
33731 85
33732 85
33733 9
33750 1520
33751 84
33752 85
33753 85
33754 85
33755 85
33756 85
33757 85
33758 85
33759 85
33760 85
33761 85
33762 85
33763 85
33764 84
33765 85
33766 85
33767 85
33768 85
33769 85
33770 85
33771 85
33772 85
33773 85
33774 85
33775 85
33776 84
33777 85
33778 85
33779 85
33780 85
33781 85
33782 85
33783 85
33784 85
33785 85
33786 85
33787 85
33788 84
33789 85
33790 85
33791 85
33792 85
33793 85
33794 85
33795 85
33796 85
33797 85
33798 85
33799 85
33800 8
33936 9
33947 8
33973 53
33974 174
33975 218
33976 218
33977 218
33978 218
33979 2907
33995 1495
34106 492
34111 88
34112 435
34113 353
34114 85
34115 85
34116 85
34117 85
34118 85
34119 84
34120 85
34121 85
34122 85
34123 85
34124 85
34125 85
34126 85
34127 85
34128 85
34129 85
34130 85
34131 85
34132 84
34133 85
34134 85
34135 85
34136 85
34137 85
34138 85
34139 85
34140 85
34141 85
34142 85
34143 85
34144 84
34145 85
34146 85
34147 85
34148 85
34149 85
34150 85
34151 85
34152 85
34153 85
34154 85
34155 85
34156 84
34157 85
34158 85
34159 85
34160 85
34161 85
34162 85
34163 85
34164 85
34165 85
34166 85
34167 85
34168 84
34169 85
34170 85
34171 34
34188 9
34198 8
34303 2021
34335 416
34336 688
34344 218
34345 218
34346 218
34347 218
34348 1916
34356 175
34357 435
34358 283
34359 85
34360 85
34361 85
34362 85
34363 85
34364 85
34365 84
34366 85
34367 85
34368 85
34369 85
34370 85
34371 85
34372 85
34373 85
34374 85
34375 85
34376 85
34377 84
34378 85
34379 85
34380 85
34381 85
34382 85
34383 85
34384 85
34385 85
34386 85
34387 8
34603 102
34613 85
34623 917
34654 263
34655 88
34656 218
34657 217
34658 218
34659 218
34660 218
34732 2782
34765 2654
34766 153
34767 2026
34783 305
34784 436
34785 178
34786 85
34787 85
34788 85
34789 85
34790 85
34791 85
34792 85
34793 85
34794 84
34795 85
34796 85
34797 85
34798 85
34799 85
34800 85
34801 85
34802 85
34803 85
34804 85
34805 85
34806 84
34807 85
34808 85
34809 85
34810 85
34811 85
34812 17
34825 1172
34826 85
34827 85
34828 85
34829 85
34830 85
34831 84
34832 85
34833 85
34834 85
34835 85
34836 85
34837 85
34838 85
34839 42
34856 1486
34857 85
34858 85
34859 85
34860 85
34861 85
34862 85
34863 85
34864 85
34865 85
34866 85
34867 85
34868 84
34869 85
34870 85
34871 85
34872 85
34873 85
34874 85
34875 85
34876 85
34877 59
35125 1113
35135 44
35301 44
35328 43
35348 44
35360 43
35381 175
35382 218
35383 217
35384 5111
35404 130
35405 436
35406 318
35407 84
35408 85
35409 85
35410 85
35411 85
35412 85
35413 85
35414 85
35415 85
35416 85
35417 85
35418 85
35419 85
35420 84
35421 85
35422 85
35423 85
35424 85
35425 85
35426 85
35427 85
35428 85
35429 85
35430 85
35431 85
35432 84
35433 85
35434 85
35435 85
35436 85
35437 85
35438 85
35439 85
35440 85
35441 85
35442 85
35443 85
35444 84
35445 85
35446 85
35447 85
35448 85
35449 85
35450 85
35451 17
35466 8
35476 9
35487 340
35497 8
35527 1282
35597 187
35599 892
35609 891
35617 535
35623 17
35631 340
35641 17
35651 2753
35652 85
35653 84
35654 85
35655 85
35656 85
35657 85
35658 85
35659 85
35660 68
35672 42
35692 612
35732 8
35822 9
35823 1282
35852 76
35853 1334
35854 218
35855 567
35856 734
35862 157
35863 218
35864 218
35865 2008
35874 262
35875 436
35876 212
35877 85
35878 85
35879 85
35880 85
35881 85
35882 85
35883 34
35905 1919
35906 85
35907 25
36002 44
36012 44
36022 43
36033 44
36062 305
36063 218
36064 3344
36083 1758
36085 34
36086 252
36087 436
36088 248
36089 85
36090 85
36091 85
36092 85
36093 85
36094 84
36095 85
36096 85
36097 85
36098 85
36099 85
36100 85
36101 85
36102 85
36103 85
36104 85
36105 85
36106 85
36107 84
36108 85
36109 85
36110 85
36111 85
36112 85
36113 85
36114 85
36115 85
36116 85
36117 85
36118 8
36144 68
36155 9
36190 2564
36191 2141
36192 436
36193 142
36194 85
36195 85
36196 85
36197 85
36198 85
36199 85
36200 85
36201 85
36202 85
36203 85
36204 85
36205 84
36206 85
36207 85
36208 85
36209 85
36210 85
36211 85
36212 85
36213 85
36214 85
36215 85
36216 85
36217 25
36232 9
36242 8
36288 153
36289 4334
36290 436
36291 261
36371 305
36372 436
36373 177
36374 85
36375 85
36376 84
36377 85
36378 85
36379 85
36380 85
36381 85
36382 85
36383 85
36384 85
36385 85
36386 85
36387 85
36388 85
36389 84
36390 85
36391 85
36392 85
36393 85
36394 85
36395 85
36396 85
36397 85
36398 85
36399 85
36400 8
36516 9
36526 8
36536 9
36547 44
36574 131
36575 218
36576 218
36577 217
36578 218
36579 1439
36588 94
36589 68
36590 204
36593 3176
36595 131
36596 435
36597 318
36598 85
36599 85
36600 9
36616 8
36626 9
36636 2556
36647 119
36701 1418
36702 2828
36705 436
36706 424
36707 76
36740 44
36750 44
36760 2722
36761 85
36762 85
36763 85
36764 76
36879 44
36908 44
36918 43
36929 44
36939 43
36960 1089
36961 374
36965 70
36966 218
36967 218
36968 218
36969 1480
36979 70
36980 1616
36981 2086
36982 435
36983 283
36984 85
36985 85
36986 85
36987 85
36988 85
36989 85
36990 84
36991 85
36992 85
36993 85
36994 85
36995 85
36996 85
36997 85
36998 85
36999 85
37000 8
37093 9
37311 8
37331 3405
37343 175
37344 218
37345 1456
37351 17
37352 184
37353 218
37354 43
37382 44
37427 43
37455 5491
37456 435
37457 175
37486 43
37497 891
37711 161
37721 1436
37744 577
37745 119
37746 526
37752 17
37753 184
37754 218
37755 218
37756 217
37757 218
37758 218
37759 218
37760 218
37761 218
37762 218
37763 218
37764 1303
37766 1124
37767 435
37768 108
37769 85
37770 85
37771 85
37772 85
37773 85
37774 85
37775 84
37776 85
37777 85
37778 85
37779 85
37780 85
37781 85
37782 85
37783 85
37784 85
37785 85
37786 85
37787 84
37788 85
37789 85
37790 85
37791 85
37792 85
37793 85
37794 85
37795 85
37796 85
37797 85
37798 85
37799 84
37800 85
37801 9
37817 1206
37848 8
37858 1410
37886 25
37887 119
37888 2820
37908 218
37909 436
37910 247
37911 85
37912 85
37913 85
37914 85
37915 85
37916 85
37917 85
37918 85
37919 85
37920 85
37921 85
37922 84
37923 85
37924 85
37925 85
37926 85
37927 85
37928 85
37929 85
37930 85
37931 85
37932 85
37933 85
37934 84
37935 85
37936 85
37937 85
37938 85
37939 85
37940 85
37941 85
37942 85
37943 85
37944 85
37945 85
37946 85
37947 84
37948 85
37949 85
37950 85
37951 85
37952 85
37953 85
37954 85
37955 85
37956 85
37957 85
37958 85
37959 84
37960 85
37961 85
37962 85
37963 85
37964 85
37965 85
37966 85
37967 85
37968 85
37969 51
37980 339
37990 102
38001 9
38011 8
38021 2200
38046 42
38047 2149
38060 131
38061 435
38062 319
38063 85
38064 85
38065 85
38066 85
38067 85
38068 85
38069 84
38070 85
38071 85
38072 85
38073 85
38074 85
38075 85
38076 85
38077 85
38078 42
38092 1232
38093 85
38094 84
38095 85
38096 85
38097 85
38098 85
38099 85
38100 85
38101 85
38102 85
38103 85
38104 85
38105 85
38106 84
38107 85
38108 85
38109 85
38110 85
38111 85
38112 51
38150 161
38151 399
38156 340
38160 77
38161 84
38162 77
38163 323
38166 88
38167 435
38168 353
38169 85
38170 85
38171 85
38172 85
38173 85
38174 85
38175 85
38176 85
38177 85
38178 85
38179 85
38180 84
38181 85
38182 85
38183 85
38184 85
38185 85
38186 85
38187 85
38188 85
38189 85
38190 85
38191 85
38192 84
38193 85
38194 85
38195 85
38196 85
38197 85
38198 85
38199 85
38200 85
38201 85
38202 85
38203 85
38204 84
38205 85
38206 85
38207 85
38208 85
38209 85
38210 85
38211 85
38212 85
38213 85
38214 85
38215 85
38216 84
38217 85
38218 85
38219 85
38220 85
38221 85
38222 85
38223 85
38224 85
38225 59
38239 1215
38240 85
38241 84
38242 85
38243 85
38244 85
38245 85
38246 85
38247 85
38260 34
38270 8
38281 2845
38282 85
38283 85
38284 34
38322 866
38376 476
38377 2951
38407 989
38408 435
38409 262
38438 99
38448 9
38481 8
38482 4348
38483 349
38484 436
38485 143
38486 84
38487 85
38488 85
38489 85
38490 85
38491 85
38492 85
38493 85
38494 85
38495 85
38496 34
38544 102
38567 76
38568 425
38573 416
38578 42
38579 3295
38589 305
38590 131
38706 729
38736 442
38747 8
38773 61
38774 174
38775 218
38776 218
38777 218
38778 174
38819 5857
38820 349
38821 436
38822 142
38823 85
38824 85
38825 85
38826 85
38827 85
38828 85
38829 85
38830 84
38831 85
38832 85
38833 85
38834 85
38835 51
38851 51
38861 93
38871 2947
38872 85
38873 85
38874 85
38875 85
38876 85
38877 85
38878 85
38879 84
38880 85
38881 60
38909 603
38926 88
38927 435
38928 353
38929 85
38930 85
38931 85
38932 85
38933 85
38934 85
38935 85
38936 85
38937 85
38938 85
38939 85
38940 84
38941 85
38942 85
38943 85
38944 85
38945 85
38946 85
38947 85
38948 85
38949 85
38950 85
38951 85
38952 84
38953 85
38954 85
38955 85
38956 85
38957 85
38958 85
38959 85
38960 85
38961 85
38962 85
38963 85
38964 85
38965 84
38966 85
38967 85
38968 85
38969 85
38970 85
38971 85
38972 85
38973 85
38974 85
38975 85
38976 85
38977 84
38978 85
38979 85
38980 85
38981 85
38982 85
38983 85
38984 85
38985 85
38986 85
38987 85
38988 85
38989 84
38990 85
38991 85
38992 85
38993 85
38994 85
38995 85
38996 85
38997 85
38998 85
38999 85
39000 85
39001 84
39002 85
39003 85
39004 85
39005 85
39006 85
39007 85
39008 85
39009 85
39010 85
39011 85
39012 85
39013 85
39014 84
39015 85
39016 85
39017 85
39018 85
39019 85
39020 85
39021 85
39022 85
39023 85
39024 85
39025 85
39026 84
39027 85
39028 85
39029 85
39030 85
39031 85
39032 85
39033 85
39034 85
39035 85
39036 85
39037 85
39038 84
39039 85
39040 85
39041 85
39042 85
39043 85
39044 17
39061 43
39082 1579
39092 8
39102 221
39113 17
39137 255
39138 1630
39157 994
39159 1486
39176 218
39177 436
39178 248
39179 85
39180 85
39181 85
39182 85
39183 85
39184 85
39185 84
39186 85
39187 85
39188 85
39189 85
39190 85
39191 85
39192 85
39193 85
39194 85
39195 85
39196 85
39197 85
39198 84
39199 85
39200 85
39201 85
39202 85
39203 85
39204 85
39205 85
39206 85
39207 85
39208 85
39209 85
39210 84
39211 85
39212 85
39213 85
39214 85
39215 85
39216 85
39217 85
39218 85
39219 85
39220 85
39221 76
39239 9
39249 467
39270 8
39299 4178
39406 187
39408 349
39409 435
39410 143
39411 85
39412 85
39413 85
39414 85
39415 85
39416 42
39436 102
39447 1605
39457 1486
39488 1427
39498 8
39519 9
39542 263
39543 229
39546 849
39556 629
39563 586
39564 2052
39565 435
39566 248
39567 85
39568 85
39569 85
39570 85
39571 85
39572 85
39573 85
39574 85
39575 85
39576 85
39577 85
39578 84
39579 85
39580 85
39581 85
39582 85
39583 85
39584 85
39585 85
39586 85
39587 85
39588 85
39589 85
39590 84
39591 17
39636 187
39662 331
39663 2862
39684 425
39689 552
39695 218
39696 436
39697 248
39698 85
39699 85
39700 85
39701 84
39702 85
39703 85
39704 85
39705 85
39706 85
39707 85
39708 85
39709 85
39710 85
39711 85
39712 85
39713 84
39714 85
39715 85
39716 85
39717 85
39718 85
39719 85
39720 85
39721 85
39722 85
39723 85
39724 85
39725 84
39726 85
39727 85
39728 85
39729 85
39730 85
39731 85
39732 85
39733 85
39734 85
39735 85
39736 85
39737 84
39738 85
39739 85
39740 85
39741 85
39742 85
39743 85
39744 85
39745 85
39746 85
39747 85
39748 85
39749 85
39750 84
39751 85
39752 9
39778 713
39789 9
39906 8
39934 3346
39935 156
39936 218
39937 218
39938 218
39939 218
39940 1329
39946 51
39947 102
39948 145
39949 44
39950 436
39951 388
39952 85
39953 85
39954 85
39955 85
39956 85
39957 85
39958 84
39959 85
39960 85
39961 85
39962 85
39963 85
39964 85
39965 85
39966 85
39967 85
39968 85
39969 85
39970 85
39971 84
39972 85
39973 85
39974 85
39975 85
39976 85
39977 85
39978 85
39979 85
39980 85
39981 85
39982 85
39983 84
39984 85
39985 85
39986 85
39987 85
39988 85
39989 85
39990 85
39991 85
39992 85
39993 85
39994 85
39995 84
39996 85
39997 85
39998 26
40106 153
40116 8
40126 9
40136 8
40157 44
40208 44
40249 43
40265 44
40286 392
40307 6463
40308 261
40329 262
40330 435
40331 213
40332 85
40333 85
40334 85
40335 85
40336 85
40337 85
40338 85
40339 84
40340 85
40341 85
40342 85
40343 85
40344 85
40345 9
40360 518
40370 356
40391 3108
40392 85
40393 85
40394 85
40395 85
40396 85
40397 85
40398 85
40399 85
40400 25
40427 560
40434 305
40435 436
40436 178
40437 84
40438 85
40439 85
40440 85
40441 85
40442 85
40443 85
40444 85
40445 85
40446 68
40474 17
40484 161
40555 314
40566 44
40608 44
40619 2319
40647 88
40648 174
40649 218
40650 1839
40664 218
40665 2527
40669 392
40670 435
40671 108
40672 85
40673 85
40674 85
40675 85
40676 85
40677 85
40678 85
40679 85
40680 68
40731 8
40753 9
40763 1622
40783 25
40784 175
40785 479
40787 2377
40811 622
40818 392
40819 436
40820 107
40821 85
40822 85
40823 85
40824 85
40825 85
40826 85
40827 85
40828 85
40829 84
40830 85
40831 9
40842 229
40904 9
40956 1460
40957 218
40958 218
40959 1159
40964 883
40974 1529
40998 1190
41008 9
41029 8
41056 4513
41057 435
41058 131
41077 265
41087 9
41098 3346
41099 84
41100 85
41101 85
41102 85
41103 85
41104 85
41105 85
41106 85
41107 85
41108 85
41109 85
41110 42
41131 51
41132 436
41133 424
41134 85
41135 51
41152 8
41162 9
41173 1290
41183 145
41305 127
41306 1622
41325 187
41326 407
41331 111
41332 8
41333 1563
41346 17
41347 183
41348 218
41349 218
41350 43
41397 262
41611 1037
41621 44
41631 44
41662 130
41663 1904
41678 70
41679 218
41680 218
41681 218
41682 218
41683 174
41684 218
41685 218
41686 218
41687 217
41688 218
41689 218
41690 2237
41703 892
41713 8
41714 348
41726 175
41727 436
41728 282
41729 85
41730 85
41731 85
41732 85
41733 85
41734 85
41735 42
41851 44
41861 44
41899 130
41900 44
41920 44
41940 5703
41941 87
42012 174
42013 435
42014 353
42015 85
42016 85
42017 85
42018 85
42019 84
42020 85
42021 85
42022 85
42023 85
42024 85
42025 85
42026 85
42027 85
42028 85
42029 8
42043 1266
42044 84
42045 85
42046 85
42047 85
42048 85
42049 85
42050 85
42051 85
42052 85
42053 85
42054 59
42095 9
42126 1622
42127 297
42130 662
42138 1265
42147 501
42153 218
42154 436
42178 247
42199 1478
42227 492
42228 926
42235 849
42245 629
42301 393
42302 435
42303 107
42304 85
42305 85
42306 85
42307 85
42308 85
42309 85
42310 85
42311 85
42312 85
42313 84
42314 85
42315 85
42316 85
42317 85
42318 85
42319 34
42342 2004
42343 85
42344 85
42345 85
42346 85
42347 85
42348 85
42349 85
42350 84
42351 85
42352 85
42353 85
42354 85
42355 85
42356 85
42357 85
42358 85
42359 85
42360 85
42361 85
42362 85
42363 84
42364 85
42365 85
42366 85
42367 85
42383 9
42537 8
42547 2709
42572 113
42573 174
42574 218
42575 218
42576 218
42577 218
42578 217
42579 2240
42593 44
42594 436
42595 388
42596 84
42597 85
42598 85
42599 85
42600 9
42642 8
42653 9
42709 8
42719 44
42730 44
42754 130
42755 2032
42772 807
42775 88
42776 218
42777 3063
42795 175
42847 2985
42867 1648
42868 144
42870 136
42871 262
42872 435
42873 213
42874 85
42875 85
42876 85
42877 85
42878 84
42879 85
42880 85
42881 85
42882 9
42899 8
43111 9
43121 475
43157 26
43158 178
43159 832
43168 26
43169 218
43170 218
43171 218
43172 218
43173 218
43174 218
43175 218
43176 218
43177 217
43178 218
43209 3564
43242 44
43243 2397
43264 262
43265 436
43266 212
43267 85
43268 85
43269 42
43285 433
43295 26
43353 2165
43363 44
43374 44
43423 130
43424 175
43425 5117
43444 88
43445 435
43446 353
43447 85
43475 9
43496 8
43519 340
43520 1775
43541 2590
43542 436
43543 142
43544 85
43545 85
43546 85
43547 85
43548 85
43549 85
43550 85
43551 85
43552 84
43553 85
43554 85
43555 85
43556 85
43557 85
43558 85
43559 85
43560 85
43561 85
43562 85
43563 85
43564 85
43565 84
43566 85
43567 85
43568 85
43569 85
43570 85
43571 85
43572 85
43573 85
43574 85
43575 85
43576 85
43577 84
43578 85
43579 34
43623 9
43709 8
43730 4136
43731 204
43733 88
43754 261
43755 435
43756 213
43757 85
43758 85
43759 85
43760 85
43761 84
43762 85
43763 85
43764 85
43765 85
43766 85
43767 85
43768 85
43769 85
43770 85
43771 85
43772 85
43773 84
43774 85
43775 85
43776 85
43777 85
43778 85
43779 85
43780 85
43781 85
43782 85
43783 85
43784 85
43785 84
43786 85
43787 85
43788 85
43789 85
43790 85
43791 85
43792 85
43793 85
43794 85
43795 85
43796 85
43797 85
43798 84
43799 85
43800 9
43916 8
43936 9
43947 8
43973 44
43974 174
43975 218
43976 218
43977 218
43978 218
43979 1251
43985 1545
43995 2064
43996 139
43997 435
43998 353
43999 85
44000 85
44001 85
44002 85
44003 85
44004 85
44005 85
44006 84
44007 85
44008 85
44009 85
44010 85
44011 85
44012 85
44013 85
44014 85
44015 85
44016 85
44017 85
44018 85
44019 84
44020 85
44021 85
44022 85
44023 85
44024 85
44025 85
44026 85
44027 85
44028 59
44046 196
44067 3142
44068 84
44069 85
44070 17
44108 569
44141 1690
44142 2098
44163 392
44164 435
44165 109
44166 84
44167 85
44168 85
44169 85
44170 26
44183 195
44194 8
44204 9
44214 1461
44224 1358
44262 264
44263 2513
44283 289
44286 87
44287 435
44288 354
44289 85
44290 85
44291 85
44292 85
44293 85
44294 85
44295 85
44296 85
44297 85
44298 85
44299 85
44300 8
44416 9
44426 8
44436 9
44447 44
44474 131
44475 218
44476 218
44477 217
44478 218
44479 1074
44482 2930
44495 187
44497 153
44499 594
44805 43
44826 44
44836 44
44874 43
44875 175
44876 217
44896 3787
44913 1802
44914 435
44915 116
44916 85
44917 85
44918 85
44919 85
44920 85
44921 85
44922 85
44923 85
44924 85
44925 85
44926 84
44927 85
44928 85
44929 85
44930 85
44931 85
44932 85
44933 85
44934 85
44935 85
44936 85
44937 85
44938 85
44939 84
44940 85
44941 9
45001 560
45004 305
45005 436
45006 178
45007 85
45008 85
45009 85
45010 85
45011 85
45012 84
45013 85
45014 85
45015 85
45016 34
45081 9
45096 8
45206 425
45251 577
45252 175
45253 218
45254 87
45293 6721
45294 435
45295 107
45296 85
45297 85
45298 85
45299 43
45406 17
45426 34
45436 8
45447 9
45473 8
45474 175
45475 218
45476 218
45477 130
45626 44
45662 131
45663 2886
45684 3071
45704 218
45705 435
45706 248
45707 85
45708 85
45709 85
45710 85
45711 84
45712 85
45713 85
45714 85
45715 85
45716 85
45717 85
45718 85
45719 85
45720 85
45721 85
45722 85
45723 85
45724 84
45725 85
45726 85
45727 85
45728 85
45729 85
45730 85
45731 85
45732 85
45733 85
45734 85
45735 85
45736 84
45737 85
45738 85
45739 85
45740 85
45741 85
45742 85
45743 51
45756 730
45766 637
45776 94
45816 322
45837 297
45847 357
45871 76
45872 977
45878 44
45879 3904
45892 88
45893 435
45894 354
45895 84
45896 85
45897 85
45898 85
45899 85
45900 9
46016 8
46036 9
46047 8
46073 44
46074 174
46075 218
46076 218
46077 218
46078 87
46095 4235
46107 1591
46108 152
46109 85
46110 85
46111 85
46112 85
46113 85
46114 85
46115 85
46116 84
46117 85
46118 85
46119 85
46120 85
46121 85
46122 85
46123 85
46124 85
46125 85
46126 85
46127 85
46128 84
46129 85
46130 85
46131 85
46132 85
46133 85
46134 85
46135 85
46136 85
46137 85
46138 85
46139 85
46140 85
46141 84
46142 85
46143 85
46144 85
46145 85
46146 85
46147 85
46148 85
46149 85
46150 85
46151 85
46152 85
46153 34
46168 8
46179 8
46189 383
46225 3991
46226 436
46227 423
46228 85
46229 85
46230 85
46231 85
46232 85
46233 85
46234 85
46235 85
46236 85
46237 85
46238 85
46239 84
46240 85
46241 85
46242 85
46243 85
46244 85
46245 85
46246 85
46247 85
46248 85
46249 85
46250 85
46251 84
46252 43
46273 305
46274 435
46275 179
46276 84
46277 85
46278 85
46279 85
46280 85
46281 85
46282 85
46283 85
46284 85
46285 85
46286 85
46287 85
46288 84
46289 85
46290 85
46291 85
46292 85
46293 85
46294 85
46295 85
46296 85
46297 85
46298 85
46299 85
46300 8
46314 9
46325 8
46336 2693
46346 1096
46347 85
46348 85
46349 84
46350 85
46351 85
46352 85
46353 85
46354 85
46355 85
46356 85
46357 85
46358 85
46359 85
46360 85
46361 84
46362 85
46363 85
46364 85
46365 85
46366 85
46367 85
46368 85
46369 85
46370 85
46371 42
46401 9
46411 8
46422 705
46432 44
46472 1005
46475 161
46477 2412
46493 569
46606 1387
46607 435
46608 107
46609 85
46610 85
46611 85
46612 26
46717 44
46738 44
46748 43
46776 131
46777 218
46778 218
46779 218
46780 4003
46797 43
46798 153
46800 832
46809 175
46810 435
46811 284
46812 85
46813 85
46814 85
46815 84
46816 85
46817 85
46818 85
46819 85
46820 85
46821 85
46822 85
46823 85
46824 85
46825 85
46826 85
46827 85
46828 84
46829 85
46830 85
46831 85
46832 85
46833 85
46834 85
46835 85
46836 85
46837 85
46838 85
46839 85
46840 84
46841 85
46842 85
46843 85
46844 85
46845 85
46846 85
46847 85
46848 85
46849 85
46850 85
46851 85
46852 84
46853 85
46854 85
46855 85
46856 85
46857 85
46858 34
46901 679
46932 9
46943 280
46968 88
46969 1168
46973 714
46982 653
46989 2370
46990 305
46991 436
46992 178
46993 85
46994 17
47010 42
47021 2319
47022 85
47023 85
47024 84
47025 85
47026 85
47027 60
47062 17
47099 3694
47100 645
47108 349
47109 435
47110 143
47111 85
47112 85
47113 85
47114 85
47115 85
47116 85
47117 85
47118 85
47119 85
47120 85
47121 85
47122 84
47123 85
47124 85
47125 85
47126 85
47127 85
47128 85
47129 85
47130 85
47131 85
47132 85
47133 85
47134 84
47135 85
47136 85
47137 85
47138 85
47139 85
47140 85
47141 85
47142 85
47143 85
47144 85
47145 85
47146 85
47147 84
47148 85
47149 85
47150 85
47151 85
47152 85
47153 85
47154 85
47155 85
47156 85
47157 85
47158 85
47159 84
47160 85
47161 85
47162 85
47163 85
47164 85
47165 85
47166 85
47167 85
47168 85
47169 85
47170 85
47171 84
47172 85
47173 85
47174 85
47175 85
47176 85
47177 85
47178 85
47179 85
47180 85
47181 85
47182 85
47183 84
47184 85
47185 85
47186 85
47187 85
47188 85
47189 68
47213 9
47223 8
47261 161
47262 374
47265 484
47271 212
47274 799
47282 1205
47283 1121
47296 349
47297 435
47298 101
47328 8
47338 128
47348 8
47371 4365
47372 262
47373 436
47374 212
47375 85
47376 85
47377 85
47378 85
47379 85
47380 84
47381 85
47382 34
47403 1503
47413 9
47423 8
47444 3423
47471 475
47472 484
47478 261
47479 435
47480 214
47481 85
47482 85
47483 85
47484 85
47485 85
47486 85
47487 85
47488 17
47513 8
47524 9
47534 772
47584 9
47605 3600
47624 88
47625 435
47626 353
47627 85
47628 85
47629 85
47630 85
47631 85
47632 85
47633 85
47634 85
47635 85
47636 85
47637 84
47638 85
47639 85
47640 85
47641 85
47642 85
47643 85
47644 85
47645 85
47646 85
47647 85
47648 85
47649 84
47650 85
47651 85
47652 85
47653 85
47654 85
47655 85
47656 85
47657 85
47658 85
47659 85
47660 85
47661 85
47662 84
47663 85
47664 85
47665 9
47677 34
47687 373
47697 2387
47698 85
47699 84
47700 85
47701 85
47702 85
47703 85
47704 85
47705 85
47706 85
47718 178
47728 1503
47749 9
47798 297
47799 1681
47948 2200
47950 178
47952 44
47953 436
47954 388
47955 85
47956 84
47957 85
47958 85
47959 85
47960 85
47961 85
47962 85
47963 85
47964 85
47965 85
47966 85
47967 85
47968 84
47969 85
47970 85
47971 85
47972 85
47973 85
47974 85
47975 85
47976 85
47977 85
47978 85
47979 85
47980 85
47981 50
48009 622
48020 1777
48021 85
48022 85
48023 85
48024 85
48025 85
48026 85
48027 34
48041 8
48051 9
48071 3099
48099 1318
48100 434
48101 390
48102 85
48103 84
48104 85
48105 85
48106 85
48107 85
48108 85
48109 85
48110 85
48111 85
48112 85
48113 85
48114 85
48115 85
48116 84
48117 85
48118 85
48119 85
48120 85
48121 85
48122 85
48123 85
48124 85
48125 85
48126 85
48127 85
48128 84
48129 85
48130 85
48131 85
48132 85
48133 85
48134 85
48135 85
48136 85
48137 85
48138 85
48139 85
48140 84
48141 85
48142 85
48143 85
48144 68
48212 238
48214 858
48224 781
48233 1342
48244 271
48247 493
48253 305
48254 435
48255 179
48256 85
48257 85
48258 85
48259 85
48260 85
48261 25
48284 671
48294 25
48511 705
48545 1894
48564 17
48565 183
48566 174
48567 218
48568 218
48569 218
48570 218
48571 218
48572 217
48573 218
48574 218
48575 218
48576 2010
48586 250
48587 436
48588 309
48607 569
48660 3788
48661 436
48662 423
48663 85
48664 85
48665 85
48666 85
48667 85
48668 84
48669 85
48670 85
48671 85
48672 85
48673 85
48674 85
48675 85
48676 85
48677 85
48678 85
48679 85
48680 84
48681 85
48682 85
48683 85
48684 85
48685 85
48686 85
48687 85
48688 85
48689 85
48690 85
48691 85
48692 84
48693 85
48694 85
48695 85
48696 85
48697 85
48698 85
48699 85
48700 8
48712 9
48722 8
48733 2862
48734 77
48764 135
48774 17
48784 17
48808 162
48809 2811
48810 1384
48826 393
48827 435
48828 107
48829 85
48830 85
48847 1444
48848 85
48849 85
48850 85
48851 85
48852 84
48853 85
48854 9
48888 8
48899 9
48964 458
49208 9
49228 8
49257 5213
49258 261
49259 436
49260 388
49261 85
49262 85
49263 85
49264 42
49285 305
49286 436
49287 178
49288 85
49289 85
49290 85
49291 85
49292 85
49293 84
49294 85
49295 85
49296 85
49297 85
49298 85
49299 85
49300 8
49316 9
49404 8
49453 1419
49454 220
49456 44
49457 218
49458 218
49459 218
49460 1219
49465 102
49466 59
49467 849
49474 943
49475 102
49476 136
49477 88
49478 435
49479 353
49480 85
49481 85
49482 85
49483 85
49484 85
49485 85
49486 85
49487 85
49488 85
49489 84
49490 85
49491 85
49492 85
49493 85
49494 85
49495 85
49496 85
49497 85
49498 85
49499 85
49500 8
49516 9
49537 8
49538 1435
49556 44
49588 3274
49598 152
49631 60
49651 17
49662 441
49685 1710
49686 3573
49732 280
49735 131
49736 436
49737 318
49738 85
49739 85
49740 85
49741 85
49742 85
49743 85
49744 85
49745 85
49746 85
49747 84
49748 85
49749 85
49750 85
49751 85
49752 85
49753 17
49763 262
49764 436
49765 212
49766 85
49767 85
49768 85
49769 85
49770 85
49771 8
49781 306
49782 435
49783 178
49784 84
49785 85
49786 85
49787 85
49788 85
49789 85
49790 85
49791 85
49792 85
49793 85
49794 85
49795 85
49796 84
49797 17
49807 262
49808 435
49809 213
49810 85
49811 85
49812 85
49813 85
49814 85
49815 85
49816 85
49817 85
49818 85
49819 85
49820 85
49821 84
49822 85
49823 85
49824 85
49825 85
49826 85
49827 76
49860 9
49899 212
49900 671
50006 9
50026 3631
50027 436
50028 283
50029 84
50030 85
50031 85
50032 51
50047 1104
50078 51
50193 875
50213 44
50224 44
50251 1598
50257 175
50258 218
50259 218
50260 217
50261 218
50262 1499
50272 544
50278 135
50280 1928
50292 262
50293 436
50294 212
50295 85
50296 85
50297 85
50298 85
50299 84
50300 85
50301 85
50302 85
50303 85
50304 85
50305 85
50306 85
50307 85
50308 85
50309 85
50310 85
50311 84
50312 85
50313 85
50314 85
50315 85
50316 85
50317 85
50318 85
50319 85
50320 85
50321 85
50322 85
50323 85
50324 84
50325 85
50326 85
50327 85
50328 85
50329 85
50330 85
50331 85
50332 85
50333 85
50334 85
50335 85
50336 84
50337 85
50338 85
50339 85
50340 85
50341 85
50342 85
50343 85
50344 85
50345 85
50346 85
50347 85
50348 34
51315 8
51325 9
51348 139
51349 218
51350 218
51351 131
51459 3007
51479 43
51499 44
51723 43
51751 349
51753 4096
52117 697
52147 306
52174 8406
52175 305
52196 174
52197 435
52198 284
52199 85
52200 8
52227 9
52271 3269
52272 1383
52273 436
52274 177
52275 85
52276 85
52277 85
52278 85
52279 85
52280 85
52281 85
52282 85
52283 85
52284 85
52285 85
52286 84
52287 85
52288 85
52289 85
52290 85
52291 85
52292 85
52293 85
52294 85
52295 85
52296 85
52297 85
52298 85
52299 84
52300 9
52416 8
52447 9
52473 52
52474 174
52475 218
52476 218
52477 218
52478 174
52495 4938
52963 436
52964 423
52965 85
52966 85
52967 85
52968 85
52969 85
52970 85
52971 85
52972 85
52973 67
52995 1432
52996 362
52997 85
52998 84
52999 85
53000 85
53001 85
53002 85
53003 85
53004 85
53005 85
53006 85
53007 85
53008 85
53009 85
53010 84
53011 85
53012 85
53013 85
53014 85
53015 85
53016 85
53017 85
53018 85
53019 85
53020 85
53021 85
53022 84
53023 85
53024 85
53025 85
53026 85
53027 85
53028 85
53029 85
53030 85
53031 85
53032 85
53033 85
53034 85
53035 84
53036 85
53037 85
53038 85
53039 85
53040 85
53041 85
53042 85
53043 85
53044 85
53045 85
53046 85
53047 84
53048 85
53049 85
53050 85
53051 85
53052 85
53053 85
53054 85
53055 85
53056 85
53057 85
53058 85
53059 84
53060 85
53061 85
53062 43
53072 131
53073 436
53074 131
53206 43
53216 44
53226 1149
53236 8
53274 148
53275 218
53276 218
53277 218
53278 218
53279 1321
53285 2309
53295 1385
53311 305
53312 435
53313 179
53314 42
53332 637
53343 9
53353 8
53374 382
53394 442
53395 187
53397 127
53398 543
53679 1843
53691 484
53697 401
53699 261
53700 436
53701 212
53702 85
53703 85
53704 85
53705 85
53706 85
53707 85
53708 85
53709 84
53710 85
53711 85
53712 85
53713 85
53714 85
53715 85
53716 85
53717 85
53718 85
53719 85
53720 85
53721 84
53722 85
53723 85
53724 85
53725 85
53726 34
53740 9
53750 17
53761 1027
53771 9
53781 8
53937 1851
53948 2531
54127 44
54138 44
54148 43
54175 131
54176 218
54177 218
54178 43
54216 5610
54217 435
54218 130
54239 392
54240 435
54241 108
54242 85
54243 85
54244 85
54245 85
54246 85
54247 85
54248 85
54249 84
54250 85
54251 85
54252 85
54253 85
54254 85
54255 85
54256 85
54257 85
54258 85
54259 85
54260 85
54261 84
54262 85
54263 85
54264 85
54265 85
54266 85
54267 85
54268 85
54269 85
54270 85
54271 85
54272 85
54273 84
54274 85
54275 85
54276 85
54277 17
54290 9
54300 8
54402 875
54412 8
54451 884
54452 161
54472 4869
54473 436
54474 388
54475 85
54476 85
54477 85
54478 68
54493 1291
54494 84
54495 85
54496 85
54497 85
54498 85
54499 85
54500 9
54902 8
54912 9
54936 8
54980 175
54981 218
54982 218
54983 952
54987 88
54988 218
54989 174
55534 43
55558 44
55559 44
55580 9062
55600 246
55603 393
55604 435
55605 108
55606 85
55607 85
55608 85
55609 85
55610 85
55611 84
55612 85
55613 85
55614 85
55615 85
55616 85
55617 85
55618 85
55619 85
55620 85
55621 85
55622 85
55623 17
55662 50
55683 858
55830 111
55852 1435
55853 25
55854 696
55862 51
55863 85
55864 416
55868 17
55869 366
55872 994
55876 393
55877 435
55878 108
55879 85
55880 84
55881 85
55882 85
55883 85
55884 85
55885 85
55886 85
55887 85
55888 34
55923 229
55933 3458
55934 93
55935 85
56345 44
56346 44
56367 43
56377 44
56609 43
56631 175
56632 218
56633 217
56634 218
56635 218
56636 218
56637 218
56638 218
56639 523
56641 131
56642 217
56643 218
56644 218
56645 218
56646 87
56652 1395
56653 3632
56672 88
56673 218
56674 217
56675 218
56676 218
56677 218
56678 218
56679 218
56680 218
56681 218
56682 218
56683 217
56684 218
56685 927
56687 218
56688 436
56689 248
56690 84
56691 85
56692 85
56693 85
56694 85
56695 85
56696 85
56697 85
56698 85
56699 85
56700 8
56886 9
56897 8
57132 9
57210 44
57241 87
57242 175
57243 217
57244 218
57245 218
57246 1544
57256 131
57257 218
57258 218
57259 2121
57263 156
57264 218
57265 218
57266 218
57267 218
57268 174
57283 436
57437 43
57481 5270
57482 44
57483 217
57484 218
57566 6743
57567 262
57568 436
57569 212
57570 85
57571 85
57572 42
58408 17
58409 144
58419 1317
58441 44
58442 44
58463 43
58483 741
58513 44
58539 13145
58540 44
58561 174
58562 436
58563 283
58564 85
58565 85
58566 85
58567 84
58568 60
58709 8
58719 272
58772 44
58773 44
58794 43
58906 523
58926 5390
58927 349
58928 436
58929 142
58930 85
58931 76
58952 131
58953 436
58954 318
58955 85
58956 85
58957 85
58958 85
58959 84
58960 85
58961 85
58962 85
58963 85
58964 85
58965 85
58966 85
58967 85
58968 85
58969 85
58970 85
58971 85
58972 84
58973 85
58974 85
58975 85
58976 85
58977 85
58978 85
58979 85
58980 85
58981 85
58982 85
58983 85
58984 84
58985 85
58986 85
58987 85
58988 85
58989 85
58990 85
58991 85
58992 85
58993 85
58994 85
58995 85
58996 84
58997 85
58998 85
58999 85
59000 85
59001 85
59002 85
59003 85
59004 85
59005 85
59006 85
59007 85
59008 84
59009 85
59010 60
59024 85
59055 773
59083 3277
59084 315
59087 131
59088 435
59089 319
59090 85
59091 85
59092 85
59093 85
59094 84
59095 85
59096 85
59097 85
59098 9
59206 8
59226 9
59247 153
59271 17
59272 183
59273 218
59274 218
59275 217
59276 218
59277 4786
59293 262
59294 217
59511 175
59521 604
59531 9
59595 8
59605 9
59616 44
59637 44
59638 174
59639 218
59640 218
59641 218
59642 218
59643 217
59644 218
59645 218
59646 218
59647 218
59648 218
59649 1581
59659 1142
59660 218
59661 174
59679 44
59689 3664
59690 85
59691 85
59692 85
59693 25
59795 578
59806 8
59817 9
59827 8
59837 44
59874 131
59875 174
59876 218
59877 218
59878 218
59879 5235
59895 88
59896 435
59897 353
59898 85
59899 85
59900 8
