2 9
22 8
33 875
55 17
56 1359
62 339
66 68
67 892
77 501
83 59
84 263
87 435
88 424
89 9
108 8
118 9
129 229
139 8
163 187
164 1342
174 8
175 247
177 637
185 891
195 892
205 170
207 174
225 1653
246 221
267 9
294 883
295 662
303 1554
316 1274
331 304
332 434
333 181
334 85
335 85
352 8
363 9
373 1138
383 8
394 620
462 9
483 8
503 3720
505 252
506 434
507 250
508 85
509 85
510 68
533 265
534 434
535 44
554 217
564 944
574 8
585 9
595 272
617 17
618 2352
639 908
650 841
659 218
660 434
661 224
680 8
690 9
704 875
714 8
725 9
754 874
755 892
765 287
775 1319
777 17
778 841
795 885
796 347
816 130
826 338
837 8
847 17
869 85
870 807
880 679
887 213
890 891
891 892
901 798
911 435
912 424
913 59
931 9
942 8
952 875
962 9
973 8
996 892
997 399
1001 475
1007 892
1017 892
1028 832
1037 174
1038 434
1039 260
1058 9
1068 8
1078 3320
1079 85
1080 85
1081 85
1082 85
1083 26
1099 874
1120 9
1140 8
1165 994
1166 891
1176 782
1185 51
1186 59
1187 85
1188 807
1197 696
1205 174
1206 434
1207 285
1208 85
1209 85
1210 42
1227 9
1237 8
1247 875
1258 8
1268 9
1292 628
1293 51
1294 196
1296 891
1306 9
1307 543
1313 340
1314 594
1321 297
1324 17
1325 620
1332 196
1334 261
1335 434
1336 173
1355 8
1365 9
1375 875
1385 8
1396 9
1432 1036
1434 535
1440 118
1453 2692
1472 218
1473 260
1504 43
1514 44
1524 702
1545 408
1546 475
1551 26
1552 391
1556 891
1566 9
1567 883
1577 824
1586 44
1587 434
1588 390
1589 8
1607 9
1617 8
1628 875
1638 8
1671 349
1672 2318
1682 892
1692 17
1693 798
1702 261
1703 434
1704 181
1820 9
1831 8
1841 9
1851 44
1878 44
1879 174
1880 218
1881 218
1882 218
1883 218
1884 953
1888 322
1892 1308
1900 323
1904 161
1905 9
1906 1817
1920 348
1921 434
1922 146
1923 34
1940 8
1951 9
1961 874
1971 9
1982 8
2005 875
2006 892
2016 8
2017 883
2027 892
2037 832
2047 304
2048 434
2049 130
2067 9
2078 8
2088 875
2098 8
2109 9
2131 3397
2132 153
2134 195
2136 637
2155 44
2166 1529
2176 8
2196 9
2226 2666
2227 883
2237 315
2241 509
2247 435
2248 390
2268 34
2278 9
2288 144
2299 68
3562 8
3577 9
3597 255
3598 1282
4108 8
4128 9
4138 170
4148 76
4173 4095
4174 221
4176 365
4189 1247
4190 292
4191 34
4926 8
4956 105
4957 174
4979 44
5504 261
5525 44
5546 740
5593 8785
5594 3265
5615 392
5616 435
5617 108
5618 85
5619 34
5635 9
5646 8
5914 875
5956 8
5966 9
5987 875
5988 891
6407 9
6427 8
6438 9
6469 131
6701 2266
6752 262
7026 7911
7027 304
7028 436
7029 177
7030 85
7031 85
7032 85
7033 85
7034 85
7035 85
7036 76
7058 9
7078 8
7310 883
7311 782
7320 102
8107 8
8245 9
8402 84
8424 790
8425 883
8435 1042
8445 44
8446 217
8447 218
8448 218
8449 218
8450 218
8451 218
8452 218
8453 1532
8463 178
8465 25
8466 218
8467 218
8468 218
8469 218
8470 218
8471 218
8472 218
8473 1015
8477 218
8478 435
8479 249
8480 85
8481 85
8482 85
8483 85
8484 85
8485 76
8801 9
8843 8
8864 875
8884 8
8904 9
9253 891
9280 2232
9410 3736
9411 85
9412 218
9413 218
9414 218
9415 218
9416 218
9417 1428
9427 392
9428 435
9429 109
9430 76
9448 9
9458 8
9494 875
9631 8
9662 9
9686 874
9687 230
9690 254
9693 17
10008 1893
11290 9
12035 8
12058 85
12059 264
12062 25
12063 218
12064 218
12065 218
12066 567
12359 43
12441 5447
12470 1482
12471 3617
12755 5248
12765 88
12766 435
12767 354
12768 84
12769 85
12770 85
12771 85
12772 85
12773 85
12774 85
12775 85
12776 85
12777 85
12778 85
12779 85
12780 84
12781 85
12782 85
12783 85
12784 85
12785 85
12786 85
12787 85
12788 85
12789 85
12790 85
12791 85
12792 84
12793 85
12794 85
12795 85
12796 85
12797 85
12798 43
18513 50
18814 85
18824 9
18860 61
18861 174
18862 218
18863 218
18864 218
18865 218
18866 218
18867 87
20916 44
20949 7059
20950 174
20951 1918
21022 87
21058 174
21904 175
21935 217
21956 7305
21957 218
21978 304
21979 435
21980 178
21981 85
21982 85
21983 85
21984 85
21985 85
21986 85
21987 8
21998 9
22103 8
22113 875
22124 9
22134 8
22161 195
22162 680
22170 156
22171 218
22172 218
22173 218
22174 218
22175 1623
22182 17
22183 875
22193 891
22202 17
22203 323
22206 263
22323 44
22366 44
22376 43
22404 1668
22429 892
22439 263
22442 629
22449 8
22469 9
22479 8
22500 4026
22639 8
22680 9
23006 1836
23027 44
23037 348
23069 44
23080 348
23132 1831
23153 43
23174 6528
23175 435
23176 353
23177 85
23178 85
23179 8
23199 44
23200 435
23201 389
23202 85
23203 85
23204 85
23205 8
23415 9
23426 8
23436 9
23468 44
23491 87
23492 175
23493 217
23494 218
23495 218
23496 218
23497 218
23498 218
24308 43
24318 6719
24319 218
24320 218
24321 218
24322 217
24323 175
24344 217
24345 434
24346 250
24347 85
24348 84
24349 51
24365 9
24382 8
24613 688
24635 187
24636 569
24643 323
24707 1606
24718 17
24719 705
24727 17
24747 2009
24757 43
24788 2446
24813 891
24823 748
24832 144
24854 892
24864 8
24877 9
24888 2405
25106 8
25127 9
25149 59
25150 892
25160 17
25161 365
25165 510
25171 113
25172 218
25173 217
25174 218
25175 218
25176 218
25177 218
25178 218
25179 43
25191 44
25610 3126
25620 9
25672 8
25673 93
25683 9
25694 8
26734 128
26754 44
27206 44
27227 43
27268 44
27269 43
27290 7931
27521 218
27522 434
27523 249
27524 85
27525 84
27526 85
27527 85
27528 85
27529 85
27530 85
27531 9
27910 8
27920 8
28025 1615
28026 218
28027 218
28028 218
28029 218
28030 218
28031 218
28032 218
28033 218
28034 217
28035 44
28046 44
28066 261
28664 5248
28674 218
28675 175
28685 3366
28686 8
28706 9
28716 8
28727 1750
28758 892
28769 891
28779 892
28790 892
29579 44
29705 565
30026 43
30110 2353
30150 44
30170 43
30194 44
30204 44
30228 174
30229 218
30230 174
30249 5665
30254 44
30269 261
30289 6360
30307 3835
30308 162
30309 8
30645 9
30656 8
30709 9
30782 44
30866 44
30928 130
30929 175
30930 741
31307 1655
31336 44
31337 7371
31358 348
31359 44
31378 43
31389 44
31399 1178
31409 9
31420 8
31441 161
31442 213
31443 501
31449 891
31459 9
31460 883
31463 314
31466 578
31473 832
31483 435
31484 425
31485 8
31528 9
31538 8
31706 875
31730 382
31731 17
31751 2849
31752 272
31755 114
31756 218
31757 217
31758 218
31759 218
31760 218
31761 218
31762 174
31826 44
32110 43
32120 44
32152 2418
32165 892
32173 69
32174 218
32175 218
32176 218
32177 218
32178 218
32179 217
32180 218
32181 218
32182 174
32193 44
32212 4350
32213 370
32214 85
32215 85
32216 68
32291 9
32606 8
32616 9
32645 88
32646 174
32647 218
32648 1755
32902 8
32922 9
32942 1118
32963 44
32989 915
32990 2266
33010 4024
33011 875
33021 391
33025 131
33026 434
33027 174
33057 43
33098 44
33099 900
33210 891
33221 535
33227 357
33230 8
33250 9
33261 883
33281 9
33291 1294
33504 44
33525 43
33540 4124
33541 434
33542 92
33543 85
33544 85
33545 68
33561 8
33581 9
33592 68
33618 823
33619 875
33629 892
33660 891
33661 9
33672 8
33872 1067
34103 43
34124 43
34144 3739
34154 43
34164 523
34175 44
35405 1889
35422 43
35449 1503
35450 891
35460 2991
35471 349
35475 349
35476 436
35477 134
35783 8
35793 9
36013 8
36014 44
36056 44
36200 1624
36507 8
36569 9
36586 8
36597 44
36622 131
36623 2397
36634 4284
36644 4339
36650 348
36651 434
36652 144
36653 77
36685 8
37305 9
37327 560
37328 1206
37338 493
37344 390
37358 122
37359 218
37360 217
37361 218
37362 218
37363 218
37364 218
37365 218
37366 218
37367 174
37397 44
37809 2222
37841 2266
37902 5928
37912 2222
37933 44
37967 3385
37968 875
37978 891
37988 892
37998 9
37999 84
38000 87
38001 435
38002 389
38003 85
38004 85
38005 85
38006 85
38007 85
38008 34
38021 8
38031 9
38079 875
38080 526
38086 365
38091 892
38101 891
38334 17
38335 790
38344 44
38355 43
38365 44
38502 1459
38534 9
38551 8
38562 4485
38582 639
38583 347
38584 434
38585 136
42209 9
42223 8
42278 179
42279 696
42287 314
42290 9
42291 569
42297 25
42298 114
